C:\Partrtn\Jobs\Hao\glassGrids2.RTN 09/11/2012 11:10:37     4
-0.0000 -0.0003 +0.0042 
+2.0001 +0.0001 +0.0046 
+4.0000 +0.0000 +0.0050 
+6.0000 -0.0000 +0.0052 
+8.0000 -0.0000 +0.0055 
+10.0000 +0.0000 +0.0056 
+12.0000 +0.0000 +0.0061 
+14.0000 -0.0000 +0.0060 
+15.9999 +0.0000 +0.0061 
+18.0000 +0.0000 +0.0065 
-0.0001 +2.0005 +0.0030 
+1.9997 +2.0000 +0.0028 
+4.0000 +2.0001 +0.0039 
+6.0001 +2.0001 +0.0038 
+8.0001 +2.0000 +0.0038 
+10.0000 +2.0000 +0.0038 
+12.0000 +2.0000 +0.0046 
+14.0000 +2.0001 +0.0044 
+15.9994 +2.0000 +0.0048 
+17.9999 +1.9999 +0.0050 
-0.0001 +4.0005 +0.0021 
+2.0002 +4.0000 +0.0024 
+4.0000 +4.0001 +0.0024 
+6.0000 +4.0001 +0.0024 
+8.0001 +4.0000 +0.0026 
+10.0001 +4.0000 +0.0028 
+12.0001 +4.0000 +0.0031 
+14.0000 +4.0001 +0.0031 
+16.0000 +4.0000 +0.0033 
+17.9999 +4.0000 +0.0039 
-0.0001 +6.0004 +0.0009 
+2.0002 +6.0000 +0.0010 
+4.0000 +6.0001 +0.0014 
+6.0000 +6.0002 +0.0015 
+8.0000 +6.0001 +0.0017 
+10.0000 +6.0000 +0.0019 
+12.0000 +6.0000 +0.0023 
+13.9999 +6.0001 +0.0022 
+16.0000 +6.0001 +0.0022 
+18.0000 +6.0000 +0.0029 
-0.0000 +8.0005 -0.0004 
+2.0001 +8.0000 -0.0001 
+4.0001 +8.0001 +0.0004 
+6.0000 +8.0001 +0.0003 
+8.0001 +8.0000 +0.0006 
+10.0000 +8.0001 +0.0008 
+12.0000 +8.0001 +0.0010 
+14.0000 +8.0000 +0.0012 
+15.9998 +7.9999 +0.0014 
+18.0001 +8.0001 +0.0017 
-0.0001 +10.0004 -0.0018 
+2.0000 +10.0000 -0.0017 
+4.0000 +10.0001 -0.0011 
+6.0000 +10.0001 -0.0007 
+8.0000 +10.0000 -0.0005 
+9.9999 +10.0000 -0.0006 
+12.0000 +10.0001 -0.0001 
+14.0000 +10.0000 +0.0000 
+16.0000 +9.9999 +0.0002 
+18.0001 +10.0001 +0.0005 
-0.0001 +12.0003 -0.0031 
+1.9998 +11.9999 -0.0029 
+4.0000 +12.0001 -0.0024 
+5.9999 +12.0001 -0.0022 
+8.0000 +12.0000 -0.0020 
+9.9999 +12.0000 -0.0018 
+12.0001 +12.0001 -0.0014 
+14.0000 +12.0001 -0.0012 
+16.0001 +12.0001 -0.0010 
+18.0000 +11.9999 -0.0006 
-0.0001 +14.0004 -0.0047 
+2.0001 +14.0000 -0.0043 
+3.9999 +14.0001 -0.0038 
+6.0000 +14.0001 -0.0032 
+8.0000 +13.9999 -0.0030 
+9.9999 +14.0000 -0.0031 
+11.9999 +14.0001 -0.0028 
+13.9999 +14.0001 -0.0024 
+16.0000 +14.0001 -0.0022 
+18.0000 +14.0000 -0.0019 
+0.0000 +16.0002 -0.0057 
+2.0001 +16.0000 -0.0055 
+4.0000 +16.0001 -0.0052 
+5.9999 +16.0001 -0.0050 
+7.9999 +16.0001 -0.0045 
+10.0000 +16.0000 -0.0045 
+11.9999 +16.0000 -0.0043 
+14.0000 +16.0000 -0.0037 
+16.0000 +16.0001 -0.0037 
+18.0000 +16.0001 -0.0033 
-0.0000 +18.0001 -0.0067 
+2.0001 +18.0000 -0.0064 
+3.9999 +18.0001 -0.0063 
+6.0000 +18.0001 -0.0060 
+8.0000 +18.0000 -0.0058 
+9.9999 +18.0001 -0.0058 
+12.0000 +18.0001 -0.0055 
+13.9999 +18.0000 -0.0055 
+16.0000 +17.9999 -0.0054 
+18.0000 +18.0001 -0.0046
