C:\Partrtn\Jobs\Jana folder\26-08\ladder_full.RTN 08/28/2012 09:46:30     3
+0.5029 +22.3953 -0.0991 
+2.4628 +22.3946 -0.0985 
+4.4229 +22.3947 -0.1022 
+6.3829 +22.3946 -0.1085 
+8.3429 +22.3946 -0.1134 
+10.3029 +22.3945 -0.1156 
+12.2629 +22.3946 -0.1155 
+14.2228 +22.3946 -0.1121 
+16.1829 +22.3947 -0.1074 
+18.1429 +22.3947 -0.1061 
+20.1029 +22.3946 -0.1147 
+0.5024 +20.6704 -0.0232 
+2.4623 +20.6710 -0.0222 
+4.4222 +20.6709 -0.0234 
+6.3822 +20.6709 -0.0287 
+8.3422 +20.6708 -0.0321 
+10.3022 +20.6707 -0.0325 
+12.2624 +20.6707 -0.0331 
+14.2222 +20.6709 -0.0294 
+16.1822 +20.6708 -0.0253 
+18.1422 +20.6708 -0.0265 
+20.1024 +20.6709 -0.0302 
+0.5017 +18.9465 +0.0491 
+2.4616 +18.9471 +0.0516 
+4.4216 +18.9470 +0.0503 
+6.3817 +18.9469 +0.0475 
+8.3417 +18.9470 +0.0448 
+10.3018 +18.9469 +0.0431 
+12.2618 +18.9469 +0.0454 
+14.2217 +18.9470 +0.0486 
+16.1817 +18.9470 +0.0511 
+18.1417 +18.9471 +0.0529 
+20.1017 +18.9469 +0.0494 
+0.5010 +17.2224 +0.1168 
+2.4613 +17.2231 +0.1147 
+4.4213 +17.2229 +0.1136 
+6.3813 +17.2229 +0.1126 
+8.3413 +17.2230 +0.1100 
+10.3011 +17.2229 +0.1106 
+12.2612 +17.2229 +0.1129 
+14.2213 +17.2230 +0.1150 
+16.1812 +17.2230 +0.1178 
+18.1412 +17.2229 +0.1187 
+20.1012 +17.2230 +0.1153 
+0.5009 +15.4981 +0.1626 
+2.4609 +15.4986 +0.1603 
+4.4209 +15.4986 +0.1597 
+6.3808 +15.4987 +0.1584 
+8.3409 +15.4986 +0.1576 
+10.3009 +15.4986 +0.1590 
+12.2609 +15.4988 +0.1614 
+14.2208 +15.4987 +0.1642 
+16.1809 +15.4988 +0.1666 
+18.1409 +15.4987 +0.1673 
+20.1009 +15.4986 +0.1665 
+0.5008 +13.7732 +0.1764 
+2.4607 +13.7740 +0.1801 
+4.4207 +13.7739 +0.1799 
+6.3808 +13.7740 +0.1792 
+8.3408 +13.7740 +0.1802 
+10.3007 +13.7740 +0.1799 
+12.2607 +13.7741 +0.1810 
+14.2207 +13.7740 +0.1855 
+16.1808 +13.7740 +0.1877 
+18.1408 +13.7741 +0.1894 
+20.1007 +13.7741 +0.1896 
+0.5008 +12.0480 +0.1717 
+2.4607 +12.0489 +0.1778 
+4.4208 +12.0490 +0.1794 
+6.3808 +12.0490 +0.1793 
+8.3408 +12.0490 +0.1775 
+10.3008 +12.0489 +0.1759 
+12.2609 +12.0489 +0.1759 
+14.2207 +12.0491 +0.1795 
+16.1807 +12.0490 +0.1832 
+18.1408 +12.0490 +0.1858 
+20.1007 +12.0491 +0.1860 
+0.5009 +10.3230 +0.1540 
+2.4609 +10.3238 +0.1599 
+4.4208 +10.3236 +0.1619 
+6.3808 +10.3236 +0.1598 
+8.3409 +10.3237 +0.1580 
+10.3010 +10.3236 +0.1568 
+12.2609 +10.3235 +0.1546 
+14.2209 +10.3236 +0.1565 
+16.1809 +10.3237 +0.1616 
+18.1411 +10.3237 +0.1636 
+20.1009 +10.3236 +0.1648 
+0.5011 +8.5976 +0.1196 
+2.4613 +8.5982 +0.1258 
+4.4212 +8.5981 +0.1257 
+6.3812 +8.5981 +0.1253 
+8.3411 +8.5982 +0.1256 
+10.3011 +8.5982 +0.1232 
+12.2611 +8.5980 +0.1205 
+14.2211 +8.5980 +0.1211 
+16.1812 +8.5980 +0.1228 
+18.1411 +8.5981 +0.1245 
+20.1011 +8.5982 +0.1271 
+0.5016 +6.8720 +0.0652 
+2.4615 +6.8723 +0.0688 
+4.4215 +6.8722 +0.0686 
+6.3815 +6.8723 +0.0694 
+8.3416 +6.8723 +0.0677 
+10.3016 +6.8724 +0.0672 
+12.2615 +6.8722 +0.0673 
+14.2215 +6.8722 +0.0656 
+16.1816 +6.8723 +0.0657 
+18.1416 +6.8723 +0.0656 
+20.1015 +6.8722 +0.0650 
+0.5020 +5.1459 -0.0058 
+2.4620 +5.1462 -0.0045 
+4.4223 +5.1461 -0.0053 
+6.3821 +5.1462 -0.0064 
+8.3421 +5.1461 -0.0074 
+10.3020 +5.1461 -0.0063 
+12.2620 +5.1462 -0.0057 
+14.2220 +5.1461 -0.0067 
+16.1821 +5.1461 -0.0080 
+18.1421 +5.1461 -0.0093 
+20.1021 +5.1461 -0.0096 
+0.5028 +3.4197 -0.0910 
+2.4627 +3.4199 -0.0871 
+4.4227 +3.4198 -0.0882 
+6.3826 +3.4199 -0.0890 
+8.3426 +3.4199 -0.0886 
+10.3027 +3.4198 -0.0891 
+12.2627 +3.4199 -0.0877 
+14.2228 +3.4200 -0.0884 
+16.1827 +3.4199 -0.0904 
+18.1427 +3.4199 -0.0910 
+20.1028 +3.4200 -0.0909 

+0.5046 +22.3826 -0.1163 
+2.4644 +22.3823 -0.1170 
+4.4245 +22.3823 -0.1161 
+6.3846 +22.3823 -0.1157 
+8.3444 +22.3824 -0.1116 
+10.3044 +22.3825 -0.0995 
+12.2644 +22.3826 -0.0998 
+14.2244 +22.3826 -0.1037 
+16.1844 +22.3825 -0.1019 
+18.1444 +22.3826 -0.0977 
+20.1044 +22.3825 -0.0947 
+0.5039 +20.6580 -0.0334 
+2.4639 +20.6587 -0.0311 
+4.4239 +20.6586 -0.0342 
+6.3840 +20.6586 -0.0327 
+8.3438 +20.6585 -0.0283 
+10.3038 +20.6586 -0.0233 
+12.2639 +20.6587 -0.0199 
+14.2238 +20.6587 -0.0193 
+16.1838 +20.6587 -0.0180 
+18.1436 +20.6588 -0.0136 
+20.1037 +20.6588 -0.0133 
+0.5032 +18.9343 +0.0455 
+2.4632 +18.9348 +0.0471 
+4.4232 +18.9347 +0.0457 
+6.3834 +18.9346 +0.0467 
+8.3432 +18.9347 +0.0495 
+10.3032 +18.9348 +0.0532 
+12.2631 +18.9348 +0.0550 
+14.2232 +18.9347 +0.0558 
+16.1832 +18.9349 +0.0574 
+18.1431 +18.9349 +0.0610 
+20.1033 +18.9349 +0.0615 
+0.5026 +17.2102 +0.1121 
+2.4628 +17.2108 +0.1165 
+4.4228 +17.2107 +0.1162 
+6.3827 +17.2106 +0.1137 
+8.3427 +17.2107 +0.1150 
+10.3028 +17.2107 +0.1190 
+12.2627 +17.2107 +0.1176 
+14.2227 +17.2107 +0.1202 
+16.1828 +17.2108 +0.1220 
+18.1427 +17.2108 +0.1218 
+20.1028 +17.2107 +0.1246 
+0.5024 +15.4858 +0.1634 
+2.4624 +15.4865 +0.1669 
+4.4225 +15.4865 +0.1650 
+6.3823 +15.4864 +0.1634 
+8.3423 +15.4864 +0.1635 
+10.3024 +15.4863 +0.1633 
+12.2625 +15.4864 +0.1628 
+14.2223 +15.4864 +0.1629 
+16.1824 +15.4863 +0.1622 
+18.1426 +15.4864 +0.1626 
+20.1024 +15.4864 +0.1621 
+0.5022 +13.7610 +0.1836 
+2.4621 +13.7618 +0.1856 
+4.4223 +13.7617 +0.1840 
+6.3824 +13.7616 +0.1831 
+8.3422 +13.7616 +0.1816 
+10.3023 +13.7616 +0.1797 
+12.2623 +13.7616 +0.1775 
+14.2224 +13.7615 +0.1757 
+16.1823 +13.7615 +0.1763 
+18.1423 +13.7615 +0.1763 
+20.1023 +13.7615 +0.1701 
+0.5022 +12.0358 +0.1748 
+2.4624 +12.0367 +0.1768 
+4.4224 +12.0366 +0.1764 
+6.3823 +12.0366 +0.1787 
+8.3422 +12.0366 +0.1781 
+10.3023 +12.0365 +0.1755 
+12.2624 +12.0364 +0.1702 
+14.2223 +12.0364 +0.1676 
+16.1824 +12.0365 +0.1727 
+18.1423 +12.0365 +0.1724 
+20.1024 +12.0363 +0.1616 
+0.5023 +10.3106 +0.1503 
+2.4624 +10.3113 +0.1534 
+4.4225 +10.3113 +0.1515 
+6.3824 +10.3113 +0.1556 
+8.3423 +10.3113 +0.1604 
+10.3026 +10.3111 +0.1503 
+12.2626 +10.3111 +0.1466 
+14.2225 +10.3111 +0.1452 
+16.1824 +10.3111 +0.1510 
+18.1426 +10.3111 +0.1519 
+20.1027 +10.3110 +0.1391 
+0.5027 +8.5851 +0.1148 
+2.4627 +8.5858 +0.1159 
+4.4227 +8.5857 +0.1140 
+6.3828 +8.5856 +0.1167 
+8.3427 +8.5857 +0.1204 
+10.3028 +8.5856 +0.1125 
+12.2627 +8.5856 +0.1084 
+14.2228 +8.5855 +0.1068 
+16.1828 +8.5856 +0.1104 
+18.1427 +8.5856 +0.1123 
+20.1029 +8.5855 +0.1012 
+0.5032 +6.8592 +0.0518 
+2.4633 +6.8598 +0.0513 
+4.4233 +6.8597 +0.0494 
+6.3832 +6.8597 +0.0520 
+8.3432 +6.8598 +0.0564 
+10.3032 +6.8597 +0.0530 
+12.2632 +6.8597 +0.0494 
+14.2233 +6.8597 +0.0473 
+16.1832 +6.8597 +0.0522 
+18.1433 +6.8598 +0.0517 
+20.1032 +6.8595 +0.0429 
+0.5038 +5.1332 -0.0314 
+2.4639 +5.1337 -0.0287 
+4.4238 +5.1336 -0.0298 
+6.3839 +5.1336 -0.0289 
+8.3437 +5.1336 -0.0261 
+10.3039 +5.1336 -0.0269 
+12.2638 +5.1336 -0.0292 
+14.2238 +5.1336 -0.0267 
+16.1838 +5.1337 -0.0224 
+18.1439 +5.1336 -0.0266 
+20.1039 +5.1334 -0.0372 
+0.5045 +3.4071 -0.1147 
+2.4645 +3.4075 -0.1098 
+4.4245 +3.4074 -0.1074 
+6.3845 +3.4074 -0.1087 
+8.3444 +3.4074 -0.1098 
+10.3044 +3.4074 -0.1083 
+12.2644 +3.4074 -0.1089 
+14.2244 +3.4074 -0.1065 
+16.1844 +3.4075 -0.1017 
+18.1445 +3.4074 -0.1086 
+20.1046 +3.4072 -0.1222 

+0.5268 +22.3790 -0.0994 
+2.4867 +22.3784 -0.0934 
+4.4467 +22.3783 -0.0931 
+6.4067 +22.3784 -0.0947 
+8.3668 +22.3785 -0.0962 
+10.3267 +22.3784 -0.0966 
+12.2868 +22.3784 -0.1018 
+14.2467 +22.3784 -0.1034 
+16.2067 +22.3782 -0.1042 
+18.1667 +22.3782 -0.1023 
+20.1267 +22.3785 -0.1014 
+0.5263 +20.6542 -0.0195 
+2.4862 +20.6546 -0.0151 
+4.4462 +20.6545 -0.0144 
+6.4063 +20.6546 -0.0140 
+8.3663 +20.6546 -0.0165 
+10.3263 +20.6545 -0.0179 
+12.2863 +20.6545 -0.0179 
+14.2463 +20.6547 -0.0215 
+16.2064 +20.6545 -0.0247 
+18.1662 +20.6544 -0.0226 
+20.1263 +20.6545 -0.0233 
+0.5257 +18.9301 +0.0559 
+2.4858 +18.9307 +0.0594 
+4.4458 +18.9307 +0.0613 
+6.4058 +18.9306 +0.0610 
+8.3659 +18.9306 +0.0601 
+10.3259 +18.9307 +0.0604 
+12.2858 +18.9306 +0.0587 
+14.2459 +18.9305 +0.0553 
+16.2059 +18.9308 +0.0537 
+18.1659 +18.9306 +0.0517 
+20.1259 +18.9305 +0.0504 
+0.5256 +17.2066 +0.1197 
+2.4854 +17.2066 +0.1222 
+4.4455 +17.2067 +0.1230 
+6.4055 +17.2067 +0.1230 
+8.3654 +17.2066 +0.1240 
+10.3254 +17.2066 +0.1241 
+12.2855 +17.2067 +0.1253 
+14.2455 +17.2066 +0.1240 
+16.2056 +17.2065 +0.1199 
+18.1655 +17.2066 +0.1174 
+20.1256 +17.2064 +0.1117 
+0.5254 +15.4817 +0.1590 
+2.4853 +15.4821 +0.1612 
+4.4452 +15.4821 +0.1621 
+6.4052 +15.4823 +0.1629 
+8.3654 +15.4822 +0.1639 
+10.3253 +15.4821 +0.1657 
+12.2852 +15.4822 +0.1676 
+14.2452 +15.4823 +0.1664 
+16.2053 +15.4821 +0.1621 
+18.1652 +15.4820 +0.1596 
+20.1254 +15.4820 +0.1445 
+0.5252 +13.7566 +0.1691 
+2.4852 +13.7573 +0.1742 
+4.4451 +13.7574 +0.1771 
+6.4053 +13.7574 +0.1786 
+8.3651 +13.7575 +0.1781 
+10.3252 +13.7574 +0.1767 
+12.2852 +13.7573 +0.1761 
+14.2452 +13.7574 +0.1748 
+16.2053 +13.7574 +0.1777 
+18.1651 +13.7574 +0.1744 
+20.1253 +13.7571 +0.1618 
+0.5252 +12.0316 +0.1576 
+2.4853 +12.0322 +0.1687 
+4.4452 +12.0322 +0.1699 
+6.4052 +12.0322 +0.1685 
+8.3652 +12.0322 +0.1697 
+10.3252 +12.0323 +0.1660 
+12.2852 +12.0322 +0.1643 
+14.2452 +12.0321 +0.1637 
+16.2052 +12.0323 +0.1717 
+18.1652 +12.0323 +0.1700 
+20.1253 +12.0320 +0.1575 
+0.5254 +10.3063 +0.1366 
+2.4854 +10.3070 +0.1491 
+4.4453 +10.3068 +0.1465 
+6.4054 +10.3070 +0.1436 
+8.3654 +10.3069 +0.1458 
+10.3255 +10.3068 +0.1399 
+12.2853 +10.3070 +0.1403 
+14.2454 +10.3068 +0.1412 
+16.2053 +10.3069 +0.1481 
+18.1653 +10.3070 +0.1492 
+20.1254 +10.3068 +0.1358 
+0.5256 +8.5809 +0.0989 
+2.4856 +8.5815 +0.1095 
+4.4454 +8.5814 +0.1066 
+6.4056 +8.5812 +0.1031 
+8.3655 +8.5813 +0.1028 
+10.3257 +8.5812 +0.0972 
+12.2857 +8.5812 +0.0984 
+14.2456 +8.5813 +0.0969 
+16.2057 +8.5813 +0.1042 
+18.1655 +8.5813 +0.1062 
+20.1256 +8.5812 +0.0959 
+0.5260 +6.8552 +0.0408 
+2.4859 +6.8554 +0.0496 
+4.4459 +6.8555 +0.0475 
+6.4060 +6.8555 +0.0417 
+8.3659 +6.8554 +0.0418 
+10.3259 +6.8554 +0.0380 
+12.2860 +6.8553 +0.0367 
+14.2460 +6.8553 +0.0372 
+16.2059 +6.8556 +0.0443 
+18.1660 +6.8554 +0.0454 
+20.1259 +6.8553 +0.0387 
+0.5263 +5.1291 -0.0343 
+2.4864 +5.1293 -0.0270 
+4.4463 +5.1293 -0.0261 
+6.4064 +5.1294 -0.0309 
+8.3663 +5.1293 -0.0331 
+10.3264 +5.1292 -0.0356 
+12.2863 +5.1295 -0.0358 
+14.2463 +5.1293 -0.0339 
+16.2063 +5.1293 -0.0282 
+18.1663 +5.1296 -0.0247 
+20.1264 +5.1293 -0.0289 
+0.5269 +3.4031 -0.1110 
+2.4867 +3.4033 -0.1039 
+4.4468 +3.4032 -0.1024 
+6.4068 +3.4033 -0.1070 
+8.3668 +3.4033 -0.1106 
+10.3268 +3.4032 -0.1111 
+12.2868 +3.4031 -0.1108 
+14.2467 +3.4033 -0.1091 
+16.2067 +3.4032 -0.1037 
+18.1667 +3.4033 -0.1007 
+20.1268 +3.4035 -0.1022 

+0.4997 +22.3961 -0.0854 
+2.4598 +22.3954 -0.0874 
+4.4197 +22.3959 -0.0894 
+6.3797 +22.3954 -0.0923 
+8.3397 +22.3960 -0.0939 
+10.2998 +22.3953 -0.0967 
+12.2597 +22.3959 -0.1005 
+14.2197 +22.3953 -0.1017 
+16.1798 +22.3958 -0.1028 
+18.1397 +22.3953 -0.1055 
+20.0998 +22.3955 -0.1071 
+0.4992 +20.6714 -0.0060 
+2.4592 +20.6718 -0.0072 
+4.4193 +20.6718 -0.0117 
+6.3793 +20.6717 -0.0131 
+8.3394 +20.6717 -0.0146 
+10.2993 +20.6715 -0.0186 
+12.2594 +20.6715 -0.0201 
+14.2193 +20.6717 -0.0212 
+16.1793 +20.6712 -0.0253 
+18.1394 +20.6715 -0.0265 
+20.0994 +20.6712 -0.0321 
+0.4989 +18.9476 +0.0674 
+2.4588 +18.9479 +0.0648 
+4.4189 +18.9476 +0.0612 
+6.3789 +18.9475 +0.0593 
+8.3389 +18.9475 +0.0558 
+10.2990 +18.9473 +0.0530 
+12.2589 +18.9474 +0.0514 
+14.2189 +18.9474 +0.0494 
+16.1790 +18.9474 +0.0485 
+18.1389 +18.9474 +0.0470 
+20.0990 +18.9476 +0.0413 
+0.4985 +17.2230 +0.1273 
+2.4587 +17.2233 +0.1257 
+4.4186 +17.2235 +0.1216 
+6.3786 +17.2231 +0.1180 
+8.3387 +17.2234 +0.1154 
+10.2987 +17.2231 +0.1125 
+12.2587 +17.2232 +0.1098 
+14.2187 +17.2231 +0.1095 
+16.1787 +17.2231 +0.1093 
+18.1387 +17.2233 +0.1082 
+20.0987 +17.2230 +0.1057 
+0.4984 +15.4986 +0.1653 
+2.4584 +15.4990 +0.1652 
+4.4185 +15.4987 +0.1607 
+6.3785 +15.4986 +0.1563 
+8.3384 +15.4988 +0.1519 
+10.2985 +15.4989 +0.1489 
+12.2585 +15.4989 +0.1477 
+14.2185 +15.4986 +0.1485 
+16.1786 +15.4989 +0.1493 
+18.1386 +15.4986 +0.1502 
+20.0986 +15.4990 +0.1480 
+0.4984 +13.7734 +0.1732 
+2.4584 +13.7740 +0.1784 
+4.4184 +13.7740 +0.1757 
+6.3784 +13.7738 +0.1710 
+8.3384 +13.7741 +0.1651 
+10.2985 +13.7737 +0.1612 
+12.2585 +13.7740 +0.1602 
+14.2185 +13.7737 +0.1607 
+16.1784 +13.7738 +0.1666 
+18.1385 +13.7738 +0.1679 
+20.0984 +13.7737 +0.1612 
+0.4985 +12.0482 +0.1582 
+2.4584 +12.0492 +0.1689 
+4.4185 +12.0488 +0.1709 
+6.3785 +12.0490 +0.1657 
+8.3385 +12.0488 +0.1589 
+10.2984 +12.0486 +0.1544 
+12.2586 +12.0487 +0.1533 
+14.2184 +12.0487 +0.1560 
+16.1783 +12.0487 +0.1650 
+18.1384 +12.0488 +0.1656 
+20.0986 +12.0490 +0.1567 
+0.4986 +10.3230 +0.1291 
+2.4585 +10.3237 +0.1439 
+4.4186 +10.3237 +0.1467 
+6.3785 +10.3235 +0.1420 
+8.3385 +10.3235 +0.1361 
+10.2986 +10.3233 +0.1306 
+12.2587 +10.3233 +0.1301 
+14.2186 +10.3234 +0.1341 
+16.1785 +10.3235 +0.1440 
+18.1384 +10.3238 +0.1479 
+20.0985 +10.3236 +0.1405 
+0.4989 +8.5975 +0.0881 
+2.4587 +8.5982 +0.1015 
+4.4187 +8.5982 +0.1040 
+6.3788 +8.5981 +0.1024 
+8.3388 +8.5981 +0.0976 
+10.2989 +8.5978 +0.0911 
+12.2588 +8.5980 +0.0917 
+14.2188 +8.5981 +0.0943 
+16.1786 +8.5981 +0.1053 
+18.1388 +8.5983 +0.1117 
+20.0989 +8.5980 +0.1053 
+0.4991 +6.8717 +0.0275 
+2.4590 +6.8724 +0.0408 
+4.4191 +6.8725 +0.0451 
+6.3790 +6.8726 +0.0435 
+8.3390 +6.8724 +0.0401 
+10.2991 +6.8724 +0.0350 
+12.2591 +6.8721 +0.0359 
+14.2191 +6.8725 +0.0404 
+16.1790 +6.8723 +0.0504 
+18.1389 +6.8725 +0.0559 
+20.0991 +6.8727 +0.0521 
+0.4995 +5.1458 -0.0425 
+2.4594 +5.1465 -0.0294 
+4.4193 +5.1466 -0.0262 
+6.3793 +5.1465 -0.0273 
+8.3394 +5.1465 -0.0290 
+10.2994 +5.1463 -0.0318 
+12.2594 +5.1463 -0.0288 
+14.2193 +5.1466 -0.0239 
+16.1793 +5.1465 -0.0179 
+18.1393 +5.1464 -0.0129 
+20.0993 +5.1468 -0.0158 
+0.4999 +3.4199 -0.1169 
+2.4598 +3.4205 -0.1063 
+4.4198 +3.4205 -0.1016 
+6.3798 +3.4207 -0.1007 
+8.3397 +3.4203 -0.1026 
+10.2997 +3.4205 -0.1025 
+12.2597 +3.4206 -0.0998 
+14.2198 +3.4207 -0.0953 
+16.1796 +3.4205 -0.0893 
+18.1397 +3.4209 -0.0860 
+20.0997 +3.4206 -0.0904 

+0.5300 +22.3939 -0.0859 
+2.4900 +22.3933 -0.0912 
+4.4501 +22.3936 -0.0923 
+6.4101 +22.3931 -0.0900 
+8.3700 +22.3936 -0.0925 
+10.3300 +22.3933 -0.0959 
+12.2900 +22.3933 -0.0948 
+14.2500 +22.3937 -0.0988 
+16.2101 +22.3931 -0.1030 
+18.1701 +22.3937 -0.1023 
+20.1301 +22.3929 -0.1073 
+0.5296 +20.6688 -0.0122 
+2.4895 +20.6694 -0.0121 
+4.4496 +20.6693 -0.0134 
+6.4096 +20.6695 -0.0159 
+8.3695 +20.6691 -0.0184 
+10.3296 +20.6694 -0.0193 
+12.2896 +20.6692 -0.0205 
+14.2497 +20.6695 -0.0231 
+16.2096 +20.6688 -0.0239 
+18.1696 +20.6695 -0.0235 
+20.1297 +20.6688 -0.0263 
+0.5291 +18.9446 +0.0585 
+2.4891 +18.9453 +0.0604 
+4.4492 +18.9449 +0.0573 
+6.4092 +18.9452 +0.0537 
+8.3691 +18.9447 +0.0521 
+10.3291 +18.9452 +0.0517 
+12.2892 +18.9450 +0.0508 
+14.2492 +18.9452 +0.0495 
+16.2092 +18.9447 +0.0491 
+18.1692 +18.9452 +0.0508 
+20.1292 +18.9447 +0.0493 
+0.5288 +17.2200 +0.1213 
+2.4888 +17.2210 +0.1211 
+4.4487 +17.2205 +0.1196 
+6.4089 +17.2209 +0.1157 
+8.3688 +17.2203 +0.1118 
+10.3288 +17.2208 +0.1122 
+12.2890 +17.2203 +0.1107 
+14.2489 +17.2207 +0.1070 
+16.2089 +17.2203 +0.1082 
+18.1688 +17.2206 +0.1110 
+20.1289 +17.2204 +0.1091 
+0.5286 +15.4954 +0.1532 
+2.4886 +15.4961 +0.1587 
+4.4485 +15.4962 +0.1597 
+6.4085 +15.4959 +0.1551 
+8.3689 +15.4960 +0.1500 
+10.3286 +15.4958 +0.1496 
+12.2886 +15.4957 +0.1482 
+14.2487 +15.4964 +0.1471 
+16.2086 +15.4957 +0.1480 
+18.1686 +15.4964 +0.1479 
+20.1287 +15.4958 +0.1448 
+0.5285 +13.7706 +0.1627 
+2.4885 +13.7714 +0.1761 
+4.4484 +13.7714 +0.1743 
+6.4086 +13.7710 +0.1752 
+8.3686 +13.7712 +0.1718 
+10.3285 +13.7709 +0.1677 
+12.2885 +13.7715 +0.1700 
+14.2485 +13.7709 +0.1710 
+16.2085 +13.7716 +0.1713 
+18.1684 +13.7710 +0.1716 
+20.1285 +13.7714 +0.1649 
+0.5285 +12.0452 +0.1550 
+2.4885 +12.0462 +0.1729 
+4.4486 +12.0462 +0.1691 
+6.4087 +12.0462 +0.1692 
+8.3685 +12.0462 +0.1697 
+10.3286 +12.0459 +0.1637 
+12.2885 +12.0462 +0.1648 
+14.2485 +12.0459 +0.1653 
+16.2086 +12.0463 +0.1729 
+18.1684 +12.0461 +0.1757 
+20.1286 +12.0463 +0.1634 
+0.5287 +10.3203 +0.1343 
+2.4886 +10.3211 +0.1530 
+4.4487 +10.3210 +0.1491 
+6.4087 +10.3208 +0.1495 
+8.3687 +10.3211 +0.1517 
+10.3286 +10.3206 +0.1449 
+12.2886 +10.3211 +0.1448 
+14.2485 +10.3206 +0.1458 
+16.2085 +10.3210 +0.1549 
+18.1686 +10.3208 +0.1563 
+20.1287 +10.3212 +0.1444 
+0.5289 +8.5950 +0.0952 
+2.4889 +8.5956 +0.1170 
+4.4488 +8.5958 +0.1132 
+6.4089 +8.5954 +0.1124 
+8.3688 +8.5959 +0.1176 
+10.3289 +8.5953 +0.1104 
+12.2890 +8.5959 +0.1087 
+14.2488 +8.5953 +0.1099 
+16.2087 +8.5960 +0.1166 
+18.1688 +8.5953 +0.1171 
+20.1290 +8.5959 +0.1061 
+0.5294 +6.8696 +0.0374 
+2.4892 +6.8701 +0.0582 
+4.4492 +6.8702 +0.0572 
+6.4092 +6.8700 +0.0552 
+8.3692 +6.8702 +0.0581 
+10.3293 +6.8697 +0.0522 
+12.2892 +6.8702 +0.0517 
+14.2493 +6.8696 +0.0503 
+16.2091 +6.8702 +0.0551 
+18.1691 +6.8699 +0.0583 
+20.1292 +6.8703 +0.0490 
+0.5297 +5.1438 -0.0363 
+2.4897 +5.1443 -0.0166 
+4.4496 +5.1445 -0.0137 
+6.4096 +5.1439 -0.0177 
+8.3697 +5.1445 -0.0172 
+10.3296 +5.1439 -0.0191 
+12.2896 +5.1445 -0.0223 
+14.2496 +5.1439 -0.0232 
+16.2097 +5.1445 -0.0197 
+18.1696 +5.1441 -0.0175 
+20.1296 +5.1444 -0.0247 
+0.5302 +3.4181 -0.1150 
+2.4900 +3.4185 -0.0949 
+4.4501 +3.4187 -0.0902 
+6.4102 +3.4183 -0.0941 
+8.3700 +3.4187 -0.0968 
+10.3301 +3.4181 -0.0989 
+12.2901 +3.4185 -0.1020 
+14.2500 +3.4183 -0.1029 
+16.2101 +3.4186 -0.1000 
+18.1701 +3.4183 -0.0973 
+20.1301 +3.4186 -0.1021 

+0.5104 +22.4075 -0.0888 
+2.4704 +22.4068 -0.0835 
+4.4303 +22.4073 -0.0812 
+6.3903 +22.4066 -0.0782 
+8.3503 +22.4075 -0.0786 
+10.3104 +22.4065 -0.0836 
+12.2704 +22.4074 -0.0884 
+14.2304 +22.4066 -0.0873 
+16.1903 +22.4074 -0.0876 
+18.1505 +22.4068 -0.1006 
+20.1106 +22.4067 -0.1129 
+0.5099 +20.6824 -0.0151 
+2.4701 +20.6829 -0.0104 
+4.4299 +20.6829 -0.0099 
+6.3899 +20.6829 -0.0088 
+8.3499 +20.6826 -0.0128 
+10.3100 +20.6829 -0.0160 
+12.2700 +20.6828 -0.0180 
+14.2299 +20.6824 -0.0194 
+16.1901 +20.6824 -0.0251 
+18.1499 +20.6824 -0.0224 
+20.1100 +20.6827 -0.0292 
+0.5095 +18.9580 +0.0542 
+2.4697 +18.9585 +0.0577 
+4.4295 +18.9586 +0.0580 
+6.3896 +18.9584 +0.0539 
+8.3495 +18.9585 +0.0484 
+10.3096 +18.9583 +0.0463 
+12.2696 +18.9580 +0.0443 
+14.2297 +18.9580 +0.0388 
+16.1897 +18.9579 +0.0381 
+18.1496 +18.9579 +0.0390 
+20.1095 +18.9583 +0.0350 
+0.5091 +17.2335 +0.1136 
+2.4692 +17.2342 +0.1168 
+4.4292 +17.2337 +0.1144 
+6.3892 +17.2341 +0.1083 
+8.3493 +17.2339 +0.1008 
+10.3093 +17.2334 +0.0965 
+12.2693 +17.2336 +0.0934 
+14.2292 +17.2341 +0.0920 
+16.1893 +17.2333 +0.0909 
+18.1493 +17.2336 +0.0939 
+20.1092 +17.2340 +0.0906 
+0.5089 +15.5085 +0.1493 
+2.4689 +15.5095 +0.1533 
+4.4290 +15.5095 +0.1517 
+6.3890 +15.5093 +0.1490 
+8.3490 +15.5091 +0.1409 
+10.3090 +15.5089 +0.1333 
+12.2691 +15.5088 +0.1314 
+14.2290 +15.5096 +0.1321 
+16.1890 +15.5088 +0.1333 
+18.1489 +15.5095 +0.1358 
+20.1090 +15.5090 +0.1323 
+0.5087 +13.7839 +0.1661 
+2.4687 +13.7847 +0.1710 
+4.4289 +13.7847 +0.1686 
+6.3888 +13.7844 +0.1668 
+8.3488 +13.7845 +0.1604 
+10.3089 +13.7839 +0.1532 
+12.2689 +13.7841 +0.1511 
+14.2289 +13.7848 +0.1540 
+16.1889 +13.7844 +0.1596 
+18.1489 +13.7844 +0.1594 
+20.1089 +13.7839 +0.1536 
+0.5088 +12.0585 +0.1619 
+2.4689 +12.0595 +0.1704 
+4.4289 +12.0597 +0.1685 
+6.3889 +12.0596 +0.1627 
+8.3488 +12.0592 +0.1583 
+10.3089 +12.0594 +0.1510 
+12.2689 +12.0589 +0.1479 
+14.2289 +12.0596 +0.1545 
+16.1888 +12.0590 +0.1637 
+18.1488 +12.0591 +0.1601 
+20.1089 +12.0589 +0.1507 
+0.5090 +10.3334 +0.1411 
+2.4689 +10.3344 +0.1501 
+4.4289 +10.3343 +0.1487 
+6.3889 +10.3345 +0.1440 
+8.3490 +10.3346 +0.1397 
+10.3090 +10.3337 +0.1312 
+12.2690 +10.3343 +0.1314 
+14.2290 +10.3339 +0.1392 
+16.1889 +10.3343 +0.1491 
+18.1490 +10.3338 +0.1462 
+20.1090 +10.3340 +0.1350 
+0.5092 +8.6082 +0.1008 
+2.4691 +8.6090 +0.1101 
+4.4292 +8.6091 +0.1088 
+6.3892 +8.6087 +0.1074 
+8.3492 +8.6091 +0.1027 
+10.3092 +8.6086 +0.0961 
+12.2693 +8.6084 +0.0987 
+14.2292 +8.6091 +0.1020 
+16.1892 +8.6086 +0.1114 
+18.1493 +8.6091 +0.1127 
+20.1092 +8.6085 +0.1041 
+0.5096 +6.8828 +0.0420 
+2.4695 +6.8835 +0.0519 
+4.4295 +6.8835 +0.0529 
+6.3895 +6.8833 +0.0503 
+8.3496 +6.8832 +0.0479 
+10.3096 +6.8829 +0.0444 
+12.2696 +6.8832 +0.0454 
+14.2295 +6.8830 +0.0467 
+16.1895 +6.8837 +0.0550 
+18.1495 +6.8830 +0.0571 
+20.1095 +6.8836 +0.0514 
+0.5102 +5.1571 -0.0343 
+2.4700 +5.1577 -0.0213 
+4.4300 +5.1578 -0.0190 
+6.3900 +5.1579 -0.0207 
+8.3500 +5.1574 -0.0216 
+10.3099 +5.1580 -0.0234 
+12.2700 +5.1573 -0.0219 
+14.2300 +5.1579 -0.0192 
+16.1900 +5.1577 -0.0139 
+18.1499 +5.1582 -0.0117 
+20.1099 +5.1576 -0.0155 
+0.5106 +3.4313 -0.1139 
+2.4705 +3.4320 -0.1005 
+4.4305 +3.4321 -0.0936 
+6.3904 +3.4321 -0.0934 
+8.3505 +3.4322 -0.0953 
+10.3104 +3.4316 -0.0947 
+12.2704 +3.4322 -0.0923 
+14.2304 +3.4320 -0.0895 
+16.1904 +3.4323 -0.0834 
+18.1503 +3.4321 -0.0821 
+20.1103 +3.4324 -0.0876 

+0.5284 +18.9539 +0.0
+2.4897 +22.4036 -0.0795 
+4.4496 +22.4027 -0.0764 
+6.4096 +22.4032 -0.0819 
+8.3696 +22.4029 -0.0848 
+10.3296 +22.4032 -0.0871 
+12.2896 +22.4028 -0.0843 
+14.2496 +22.4031 -0.0874 
+16.2096 +22.4026 -0.0919 
+18.1696 +22.4033 -0.0942 
+20.1298 +22.4027 -0.1007 
+0.5288 +20.6785 -0.0131 
+2.4888 +20.6790 -0.0116 
+4.4489 +20.6792 -0.0137 
+6.4088 +20.6790 -0.0140 
+8.3688 +20.6789 -0.0164 
+10.3288 +20.6788 -0.0148 
+12.2888 +20.6790 -0.0190 
+14.2488 +20.6791 -0.0219 
+16.2088 +20.6789 -0.0237 
+18.1689 +20.6791 -0.0277 
+20.1288 +20.6784 -0.0334 
+0.5284 +18.9539 +0.0486 
+2.4884 +18.9545 +0.0477 
+4.4484 +18.9544 +0.0476 
+6.4082 +18.9544 +0.0460 
+8.3684 +18.9545 +0.0457 
+10.3285 +18.9546 +0.0441 
+12.2884 +18.9542 +0.0419 
+14.2485 +18.9544 +0.0411 
+16.2084 +18.9545 +0.0380 
+18.1685 +18.9542 +0.0352 
+20.1285 +18.9544 +0.0327 
+0.5282 +17.2292 +0.0947 
+2.4881 +17.2298 +0.0970 
+4.4482 +17.2300 +0.0979 
+6.4080 +17.2299 +0.1028 
+8.3681 +17.2297 +0.1002 
+10.3282 +17.2296 +0.0974 
+12.2882 +17.2300 +0.0982 
+14.2481 +17.2296 +0.0967 
+16.2082 +17.2298 +0.0940 
+18.1682 +17.2296 +0.0945 
+20.1281 +17.2301 +0.0928 
+0.5279 +15.5045 +0.1328 
+2.4879 +15.5052 +0.1343 
+4.4478 +15.5052 +0.1347 
+6.4078 +15.5051 +0.1403 
+8.3678 +15.5052 +0.1399 
+10.3278 +15.5049 +0.1363 
+12.2878 +15.5050 +0.1360 
+14.2478 +15.5049 +0.1377 
+16.2079 +15.5053 +0.1403 
+18.1679 +15.5049 +0.1401 
+20.1279 +15.5052 +0.1394 
+0.5278 +13.7797 +0.1512 
+2.4877 +13.7804 +0.1590 
+4.4478 +13.7803 +0.1555 
+6.4078 +13.7800 +0.1552 
+8.3677 +13.7802 +0.1565 
+10.3277 +13.7800 +0.1516 
+12.2878 +13.7801 +0.1500 
+14.2477 +13.7800 +0.1545 
+16.2077 +13.7807 +0.1645 
+18.1677 +13.7799 +0.1658 
+20.1278 +13.7807 +0.1603 
+0.5278 +12.0547 +0.1478 
+2.4877 +12.0554 +0.1597 
+4.4477 +12.0553 +0.1569 
+6.4078 +12.0552 +0.1549 
+8.3678 +12.0551 +0.1547 
+10.3278 +12.0551 +0.1503 
+12.2878 +12.0551 +0.1506 
+14.2477 +12.0550 +0.1557 
+16.2076 +12.0551 +0.1664 
+18.1677 +12.0553 +0.1695 
+20.1277 +12.0553 +0.1584 
+0.5279 +10.3293 +0.1263 
+2.4878 +10.3303 +0.1406 
+4.4478 +10.3299 +0.1394 
+6.4080 +10.3299 +0.1394 
+8.3678 +10.3299 +0.1390 
+10.3278 +10.3305 +0.1360 
+12.2878 +10.3299 +0.1395 
+14.2479 +10.3305 +0.1432 
+16.2077 +10.3299 +0.1514 
+18.1676 +10.3304 +0.1535 
+20.1277 +10.3300 +0.1436 
+0.5281 +8.6043 +0.0900 
+2.4880 +8.6050 +0.1035 
+4.4481 +8.6049 +0.1046 
+6.4080 +8.6049 +0.1058 
+8.3680 +8.6050 +0.1069 
+10.3281 +8.6047 +0.1049 
+12.2882 +8.6046 +0.1043 
+14.2480 +8.6052 +0.1080 
+16.2080 +8.6047 +0.1176 
+18.1679 +8.6052 +0.1174 
+20.1281 +8.6046 +0.1121 
+0.5285 +6.8789 +0.0377 
+2.4883 +6.8796 +0.0502 
+4.4485 +6.8793 +0.0503 
+6.4084 +6.8796 +0.0506 
+8.3682 +6.8792 +0.0532 
+10.3284 +6.8796 +0.0492 
+12.2884 +6.8795 +0.0494 
+14.2483 +6.8798 +0.0539 
+16.2083 +6.8793 +0.0619 
+18.1683 +6.8797 +0.0620 
+20.1284 +6.8793 +0.0557 
+0.5290 +5.1536 -0.0289 
+2.4888 +5.1541 -0.0186 
+4.4489 +5.1542 -0.0163 
+6.4088 +5.1539 -0.0181 
+8.3688 +5.1541 -0.0188 
+10.3289 +5.1539 -0.0193 
+12.2888 +5.1542 -0.0172 
+14.2487 +5.1539 -0.0149 
+16.2088 +5.1543 -0.0083 
+18.1688 +5.1538 -0.0067 
+20.1288 +5.1542 -0.0161 
+0.5295 +3.4280 -0.1063 
+2.4894 +3.4285 -0.0932 
+4.4493 +3.4285 -0.0885 
+6.4093 +3.4284 -0.0920 
+8.3693 +3.4285 -0.0926 
+10.3293 +3.4284 -0.0929 
+12.2892 +3.4285 -0.0918 
+14.2492 +3.4282 -0.0878 
+16.2092 +3.4286 -0.0834 
+18.1693 +3.4283 -0.0844 
+20.1293 +3.4285 -0.0911 

+0.5003 +22.4113 -0.0762 
+2.4603 +22.4107 -0.0716 
+4.4203 +22.4107 -0.0783 
+6.3802 +22.4106 -0.0821 
+8.3404 +22.4106 -0.0838 
+10.3004 +22.4106 -0.0870 
+12.2603 +22.4106 -0.0907 
+14.2204 +22.4105 -0.0934 
+16.1803 +22.4105 -0.0964 
+18.1404 +22.4106 -0.1025 
+20.1004 +22.4103 -0.1090 
+0.5001 +20.6859 -0.0073 
+2.4600 +20.6861 -0.0060 
+4.4200 +20.6860 -0.0084 
+6.3801 +20.6860 -0.0119 
+8.3400 +20.6860 -0.0177 
+10.3000 +20.6860 -0.0199 
+12.2601 +20.6858 -0.0203 
+14.2201 +20.6858 -0.0247 
+16.1801 +20.6860 -0.0274 
+18.1401 +20.6858 -0.0295 
+20.1001 +20.6859 -0.0422 
+0.4998 +18.9608 +0.0503 
+2.4597 +18.9615 +0.0534 
+4.4197 +18.9613 +0.0543 
+6.3798 +18.9614 +0.0545 
+8.3398 +18.9613 +0.0477 
+10.2997 +18.9613 +0.0463 
+12.2598 +18.9612 +0.0445 
+14.2197 +18.9613 +0.0421 
+16.1799 +18.9612 +0.0398 
+18.1398 +18.9613 +0.0338 
+20.0999 +18.9611 +0.0256 
+0.4995 +17.2360 +0.1069 
+2.4595 +17.2367 +0.1088 
+4.4195 +17.2366 +0.1064 
+6.3795 +17.2366 +0.1119 
+8.3395 +17.2367 +0.1070 
+10.2995 +17.2365 +0.1022 
+12.2595 +17.2366 +0.1026 
+14.2196 +17.2366 +0.1026 
+16.1795 +17.2366 +0.1013 
+18.1396 +17.2366 +0.0983 
+20.0996 +17.2364 +0.0905 
+0.4993 +15.5112 +0.1481 
+2.4594 +15.5119 +0.1487 
+4.4194 +15.5118 +0.1450 
+6.3794 +15.5119 +0.1504 
+8.3394 +15.5117 +0.1467 
+10.2993 +15.5118 +0.1421 
+12.2595 +15.5118 +0.1415 
+14.2195 +15.5117 +0.1413 
+16.1793 +15.5118 +0.1423 
+18.1395 +15.5118 +0.1396 
+20.0994 +15.5117 +0.1335 
+0.4993 +13.7861 +0.1684 
+2.4593 +13.7872 +0.1766 
+4.4193 +13.7870 +0.1721 
+6.3794 +13.7869 +0.1709 
+8.3392 +13.7869 +0.1687 
+10.2992 +13.7869 +0.1627 
+12.2594 +13.7869 +0.1613 
+14.2193 +13.7867 +0.1604 
+16.1793 +13.7870 +0.1664 
+18.1392 +13.7868 +0.1654 
+20.0993 +13.7869 +0.1545 
+0.4993 +12.0613 +0.1590 
+2.4593 +12.0620 +0.1765 
+4.4193 +12.0620 +0.1724 
+6.3792 +12.0619 +0.1698 
+8.3393 +12.0619 +0.1665 
+10.2994 +12.0618 +0.1586 
+12.2593 +12.0618 +0.1578 
+14.2194 +12.0619 +0.1592 
+16.1792 +12.0619 +0.1681 
+18.1393 +12.0619 +0.1667 
+20.0994 +12.0618 +0.1523 
+0.4995 +10.3359 +0.1377 
+2.4594 +10.3370 +0.1533 
+4.4194 +10.3369 +0.1497 
+6.3793 +10.3369 +0.1474 
+8.3394 +10.3368 +0.1428 
+10.2994 +10.3367 +0.1388 
+12.2593 +10.3368 +0.1390 
+14.2194 +10.3367 +0.1389 
+16.1794 +10.3369 +0.1487 
+18.1394 +10.3368 +0.1485 
+20.0994 +10.3367 +0.1369 
+0.4996 +8.6108 +0.1006 
+2.4595 +8.6117 +0.1131 
+4.4195 +8.6117 +0.1084 
+6.3795 +8.6117 +0.1076 
+8.3395 +8.6115 +0.1056 
+10.2996 +8.6116 +0.1025 
+12.2596 +8.6116 +0.1017 
+14.2195 +8.6115 +0.1027 
+16.1795 +8.6117 +0.1141 
+18.1395 +8.6116 +0.1146 
+20.0995 +8.6117 +0.1058 
+0.4999 +6.8859 +0.0375 
+2.4597 +6.8865 +0.0552 
+4.4197 +6.8863 +0.0469 
+6.3799 +6.8863 +0.0497 
+8.3397 +6.8863 +0.0507 
+10.2998 +6.8863 +0.0458 
+12.2597 +6.8862 +0.0474 
+14.2197 +6.8862 +0.0506 
+16.1797 +6.8864 +0.0601 
+18.1397 +6.8863 +0.0635 
+20.0998 +6.8864 +0.0591 
+0.5002 +5.1605 -0.0378 
+2.4600 +5.1610 -0.0260 
+4.4201 +5.1609 -0.0301 
+6.3801 +5.1610 -0.0294 
+8.3401 +5.1609 -0.0262 
+10.3001 +5.1609 -0.0264 
+12.2600 +5.1609 -0.0211 
+14.2201 +5.1610 -0.0147 
+16.1800 +5.1609 -0.0062 
+18.1399 +5.1610 -0.0009 
+20.1001 +5.1612 -0.0047 
+0.5005 +3.4350 -0.1219 
+2.4604 +3.4356 -0.1091 
+4.4205 +3.4356 -0.1107 
+6.3804 +3.4355 -0.1121 
+8.3404 +3.4355 -0.1076 
+10.3004 +3.4355 -0.1039 
+12.2604 +3.4356 -0.0967 
+14.2204 +3.4355 -0.0860 
+16.1802 +3.4356 -0.0767 
+18.1403 +3.4357 -0.0706 
+20.1002 +3.4356 -0.0710 

+0.5006 +22.4134 -0.0680 
+2.4604 +22.4130 -0.0705 
+4.4204 +22.4130 -0.0742 
+6.3805 +22.4129 -0.0776 
+8.3406 +22.4129 -0.0784 
+10.3005 +22.4129 -0.0795 
+12.2606 +22.4129 -0.0818 
+14.2206 +22.4131 -0.0851 
+16.1805 +22.4129 -0.0890 
+18.1405 +22.4129 -0.0893 
+20.1005 +22.4130 -0.0908 
+0.5002 +20.6876 -0.0069 
+2.4603 +20.6882 -0.0113 
+4.4203 +20.6881 -0.0150 
+6.3803 +20.6881 -0.0171 
+8.3403 +20.6880 -0.0202 
+10.3003 +20.6879 -0.0210 
+12.2602 +20.6881 -0.0256 
+14.2203 +20.6879 -0.0304 
+16.1803 +20.6879 -0.0314 
+18.1403 +20.6880 -0.0335 
+20.1003 +20.6881 -0.0352 
+0.5001 +18.9624 +0.0532 
+2.4600 +18.9632 +0.0497 
+4.4202 +18.9631 +0.0434 
+6.3801 +18.9631 +0.0407 
+8.3400 +18.9630 +0.0400 
+10.3001 +18.9630 +0.0348 
+12.2601 +18.9631 +0.0304 
+14.2201 +18.9629 +0.0285 
+16.1801 +18.9630 +0.0259 
+18.1402 +18.9632 +0.0250 
+20.1001 +18.9627 +0.0241 
+0.4998 +17.2374 +0.1097 
+2.4598 +17.2383 +0.1047 
+4.4200 +17.2381 +0.0951 
+6.3798 +17.2381 +0.0948 
+8.3400 +17.2380 +0.0914 
+10.2999 +17.2380 +0.0863 
+12.2598 +17.2380 +0.0847 
+14.2200 +17.2381 +0.0802 
+16.1800 +17.2380 +0.0807 
+18.1400 +17.2382 +0.0824 
+20.0999 +17.2380 +0.0785 
+0.4995 +15.5125 +0.1472 
+2.4597 +15.5133 +0.1438 
+4.4198 +15.5131 +0.1370 
+6.3797 +15.5131 +0.1344 
+8.3397 +15.5130 +0.1293 
+10.2999 +15.5130 +0.1239 
+12.2598 +15.5131 +0.1223 
+14.2195 +15.5129 +0.1222 
+16.1797 +15.5131 +0.1223 
+18.1398 +15.5132 +0.1219 
+20.0997 +15.5130 +0.1173 
+0.4995 +13.7873 +0.1608 
+2.4596 +13.7884 +0.1642 
+4.4195 +13.7881 +0.1598 
+6.3797 +13.7881 +0.1550 
+8.3397 +13.7880 +0.1488 
+10.2997 +13.7880 +0.1419 
+12.2596 +13.7882 +0.1415 
+14.2195 +13.7879 +0.1424 
+16.1796 +13.7881 +0.1447 
+18.1397 +13.7880 +0.1438 
+20.0997 +13.7881 +0.1357 
+0.4996 +12.0623 +0.1516 
+2.4597 +12.0632 +0.1610 
+4.4195 +12.0631 +0.1594 
+6.3796 +12.0631 +0.1548 
+8.3396 +12.0630 +0.1474 
+10.2998 +12.0630 +0.1401 
+12.2596 +12.0632 +0.1401 
+14.2196 +12.0629 +0.1418 
+16.1797 +12.0631 +0.1478 
+18.1398 +12.0632 +0.1482 
+20.0994 +12.0630 +0.1389 
+0.4996 +10.3374 +0.1271 
+2.4596 +10.3383 +0.1391 
+4.4196 +10.3382 +0.1406 
+6.3797 +10.3381 +0.1355 
+8.3397 +10.3380 +0.1275 
+10.2998 +10.3381 +0.1231 
+12.2597 +10.3380 +0.1245 
+14.2197 +10.3381 +0.1276 
+16.1797 +10.3382 +0.1379 
+18.1398 +10.3381 +0.1363 
+20.0996 +10.3381 +0.1280 
+0.4999 +8.6126 +0.0875 
+2.4598 +8.6133 +0.1017 
+4.4198 +8.6132 +0.1031 
+6.3798 +8.6130 +0.0983 
+8.3400 +8.6130 +0.0945 
+10.2998 +8.6132 +0.0931 
+12.2597 +8.6129 +0.0962 
+14.2197 +8.6130 +0.1032 
+16.1798 +8.6132 +0.1108 
+18.1399 +8.6130 +0.1109 
+20.0998 +8.6129 +0.1013 
+0.5002 +6.8877 +0.0302 
+2.4601 +6.8881 +0.0462 
+4.4200 +6.8881 +0.0478 
+6.3799 +6.8880 +0.0452 
+8.3399 +6.8880 +0.0452 
+10.3000 +6.8881 +0.0442 
+12.2599 +6.8879 +0.0508 
+14.2199 +6.8880 +0.0576 
+16.1799 +6.8881 +0.0654 
+18.1400 +6.8880 +0.0666 
+20.1001 +6.8881 +0.0587 
+0.5004 +5.1628 -0.0399 
+2.4603 +5.1632 -0.0285 
+4.4202 +5.1630 -0.0254 
+6.3803 +5.1630 -0.0247 
+8.3403 +5.1630 -0.0218 
+10.3003 +5.1630 -0.0163 
+12.2602 +5.1630 -0.0084 
+14.2202 +5.1629 -0.0010 
+16.1802 +5.1630 +0.0066 
+18.1401 +5.1629 +0.0060 
+20.1002 +5.1631 -0.0016 
+0.5006 +3.4375 -0.1185 
+2.4606 +3.4381 -0.1047 
+4.4206 +3.4380 -0.1008 
+6.3806 +3.4380 -0.0991 
+8.3406 +3.4379 -0.0906 
+10.3006 +3.4380 -0.0818 
+12.2605 +3.4380 -0.0726 
+14.2204 +3.4380 -0.0625 
+16.1804 +3.4381 -0.0583 
+18.1404 +3.4379 -0.0593 
+20.1004 +3.4379 -0.0660 

+0.5028 +22.3944 -0.0732 
+2.4627 +22.3945 -0.0634 
+4.4226 +22.3945 -0.0540 
+6.3826 +22.3947 -0.0479 
+8.3425 +22.3944 -0.0486 
+10.3025 +22.3946 -0.0480 
+12.2625 +22.3946 -0.0495 
+14.2225 +22.3944 -0.0565 
+16.1828 +22.3947 -0.0675 
+18.1427 +22.3945 -0.0778 
+20.1030 +22.3948 -0.0981 
+0.5021 +20.6685 -0.0187 
+2.4620 +20.6691 -0.0067 
+4.4220 +20.6693 +0.0014 
+6.3819 +20.6694 +0.0059 
+8.3418 +20.6695 +0.0093 
+10.3019 +20.6695 +0.0088 
+12.2619 +20.6695 +0.0045 
+14.2219 +20.6691 -0.0019 
+16.1821 +20.6697 -0.0117 
+18.1423 +20.6687 -0.0280 
+20.1024 +20.6696 -0.0501 
+0.5015 +18.9432 +0.0366 
+2.4614 +18.9439 +0.0473 
+4.4214 +18.9441 +0.0532 
+6.3813 +18.9442 +0.0605 
+8.3413 +18.9440 +0.0619 
+10.3012 +18.9443 +0.0609 
+12.2612 +18.9444 +0.0576 
+14.2214 +18.9434 +0.0508 
+16.1815 +18.9440 +0.0425 
+18.1417 +18.9443 +0.0250 
+20.1020 +18.9445 -0.0024 
+0.5010 +17.2179 +0.0833 
+2.4609 +17.2188 +0.0917 
+4.4208 +17.2189 +0.0994 
+6.3807 +17.2191 +0.1069 
+8.3407 +17.2189 +0.1081 
+10.3008 +17.2190 +0.1067 
+12.2607 +17.2182 +0.1025 
+14.2208 +17.2192 +0.0984 
+16.1809 +17.2189 +0.0911 
+18.1412 +17.2191 +0.0764 
+20.1014 +17.2181 +0.0502 
+0.5007 +15.4930 +0.1129 
+2.4606 +15.4937 +0.1230 
+4.4205 +15.4939 +0.1294 
+6.3804 +15.4941 +0.1385 
+8.3404 +15.4936 +0.1392 
+10.3005 +15.4940 +0.1352 
+12.2605 +15.4940 +0.1339 
+14.2206 +15.4938 +0.1329 
+16.1805 +15.4936 +0.1291 
+18.1406 +15.4941 +0.1205 
+20.1009 +15.4928 +0.1009 
+0.5007 +13.7677 +0.1248 
+2.4605 +13.7686 +0.1406 
+4.4202 +13.7688 +0.1470 
+6.3804 +13.7691 +0.1535 
+8.3403 +13.7674 +0.1546 
+10.3003 +13.7686 +0.1527 
+12.2603 +13.7674 +0.1522 
+14.2204 +13.7687 +0.1526 
+16.1801 +13.7676 +0.1549 
+18.1403 +13.7676 +0.1495 
+20.1005 +13.7677 +0.1315 
+0.5006 +12.0429 +0.1209 
+2.4605 +12.0437 +0.1395 
+4.4204 +12.0438 +0.1471 
+6.3804 +12.0441 +0.1517 
+8.3402 +12.0430 +0.1549 
+10.3002 +12.0442 +0.1557 
+12.2602 +12.0430 +0.1551 
+14.2202 +12.0433 +0.1570 
+16.1803 +12.0431 +0.1636 
+18.1402 +12.0431 +0.1597 
+20.1004 +12.0429 +0.1454 
+0.5007 +10.3178 +0.1038 
+2.4605 +10.3187 +0.1238 
+4.4205 +10.3190 +0.1317 
+6.3805 +10.3182 +0.1367 
+8.3404 +10.3189 +0.1417 
+10.3003 +10.3188 +0.1434 
+12.2604 +10.3190 +0.1448 
+14.2203 +10.3178 +0.1470 
+16.1805 +10.3187 +0.1539 
+18.1404 +10.3177 +0.1503 
+20.1005 +10.3186 +0.1351 
+0.5010 +8.5931 +0.0720 
+2.4609 +8.5938 +0.0927 
+4.4208 +8.5940 +0.1005 
+6.3809 +8.5940 +0.1077 
+8.3408 +8.5939 +0.1123 
+10.3007 +8.5939 +0.1145 
+12.2607 +8.5938 +0.1169 
+14.2208 +8.5929 +0.1195 
+16.1805 +8.5941 +0.1243 
+18.1407 +8.5934 +0.1200 
+20.1007 +8.5937 +0.1017 
+0.5017 +6.8685 +0.0240 
+2.4614 +6.8689 +0.0445 
+4.4214 +6.8690 +0.0545 
+6.3813 +6.8694 +0.0607 
+8.3413 +6.8688 +0.0638 
+10.3012 +6.8692 +0.0679 
+12.2612 +6.8692 +0.0699 
+14.2211 +6.8685 +0.0709 
+16.1811 +6.8692 +0.0770 
+18.1412 +6.8688 +0.0682 
+20.1014 +6.8693 +0.0443 
+0.5024 +5.1437 -0.0356 
+2.4621 +5.1442 -0.0159 
+4.4220 +5.1443 -0.0049 
+6.3820 +5.1445 -0.0005 
+8.3420 +5.1442 +0.0015 
+10.3020 +5.1445 +0.0038 
+12.2620 +5.1445 +0.0060 
+14.2218 +5.1444 +0.0118 
+16.1819 +5.1441 +0.0156 
+18.1419 +5.1441 +0.0020 
+20.1023 +5.1445 -0.0244 
+0.5031 +3.4189 -0.1007 
+2.4629 +3.4194 -0.0807 
+4.4228 +3.4196 -0.0711 
+6.3827 +3.4196 -0.0663 
+8.3426 +3.4197 -0.0662 
+10.3027 +3.4194 -0.0656 
+12.2626 +3.4193 -0.0594 
+14.2224 +3.4198 -0.0525 
+16.1825 +3.4198 -0.0506 
+18.1426 +3.4197 -0.0621 
+20.1029 +3.4199 -0.0882
