+000.53468   +003.38815  +000.20345             
+002.48439   +003.38756  +000.20659             
+004.43470   +003.38765  +000.20605             
+006.38474   +003.38750  +000.20555             
+008.33467   +003.38775  +000.20592             
+010.28459   +003.38752  +000.20805             
+012.23468   +003.38780  +000.20939             
+014.18474   +003.38747  +000.20833             
+016.13471   +003.38801  +000.20714             
+018.08465   +003.38756  +000.20831             
+020.03458   +003.38583  +000.20760             
+000.53463   +005.28854  +000.34464             
+002.48458   +005.28699  +000.34721             
+004.43469   +005.28823  +000.34978             
+006.38464   +005.28752  +000.34997             
+008.33460   +005.28747  +000.34886             
+010.28455   +005.28748  +000.35038             
+012.23459   +005.28741  +000.35066             
+014.18469   +005.28772  +000.35047             
+016.13466   +005.28753  +000.35018             
+018.08470   +005.28778  +000.35049             
+020.03471   +005.28768  +000.34827             
+000.53473   +007.18851  +000.46872             
+002.48466   +007.18778  +000.47290             
+004.43463   +007.18774  +000.47491             
+006.38471   +007.18746  +000.47603             
+008.33467   +007.18777  +000.47552             
+010.28482   +007.18751  +000.47593             
+012.23457   +007.18801  +000.47523             
+014.18465   +007.18721  +000.47440             
+016.13461   +007.18785  +000.47532             
+018.08470   +007.18745  +000.47782             
+020.03459   +007.18802  +000.47779             
+000.53467   +009.08818  +000.56982             
+002.48478   +009.08773  +000.57520             
+004.43461   +009.08762  +000.57700             
+006.38479   +009.08738  +000.57684             
+008.33468   +009.08787  +000.57663             
+010.28467   +009.08758  +000.57639             
+012.23461   +009.08767  +000.57565             
+014.18468   +009.08734  +000.57669             
+016.13468   +009.08843  +000.57993             
+018.08461   +009.08720  +000.58424             
+020.03454   +009.08845  +000.58527             
+000.53459   +010.98873  +000.65212             
+002.48450   +010.98764  +000.65983             
+004.43478   +010.98747  +000.66167             
+006.38466   +010.98751  +000.66153             
+008.33471   +010.98767  +000.66055             
+010.28461   +010.98775  +000.65952             
+012.23482   +010.98726  +000.65915             
+014.18471   +010.98844  +000.66235             
+016.13467   +010.98723  +000.66813             
+018.08465   +010.98859  +000.67140             
+020.03450   +010.98714  +000.67198             
+000.53474   +012.88882  +000.72357             
+002.48472   +012.88775  +000.73080             
+004.43467   +012.88757  +000.73220             
+006.38472   +012.88740  +000.73261             
+008.33457   +012.88754  +000.73260             
+010.28466   +012.88744  +000.73308             
+012.23457   +012.88756  +000.73421             
+014.18466   +012.88769  +000.73691             
+016.13460   +012.88818  +000.74274             
+018.08465   +012.88772  +000.74489             
+020.03460   +012.88754  +000.74444             
+000.53459   +014.78864  +000.78070             
+002.48469   +014.78775  +000.78337             
+004.43457   +014.78747  +000.78456             
+006.38470   +014.78750  +000.78515             
+008.33479   +014.78778  +000.78537             
+010.28478   +014.78770  +000.78738             
+012.23447   +014.78749  +000.78952             
+014.18457   +014.78810  +000.79201             
+016.13456   +014.78741  +000.79616             
+018.08464   +014.78839  +000.79839             
+020.03455   +014.78754  +000.79737             
+000.53471   +016.68844  +000.80772             
+002.48480   +016.68774  +000.80615             
+004.43468   +016.68757  +000.80613             
+006.38473   +016.68745  +000.80519             
+008.33468   +016.68741  +000.80397             
+010.28473   +016.68791  +000.80559             
+012.23459   +016.68727  +000.80855             
+014.18464   +016.68758  +000.81162             
+016.13467   +016.68760  +000.81440             
+018.08459   +016.68823  +000.81579             
+020.03460   +016.68739  +000.81432             
+000.53474   +018.58793  +000.79652             
+002.48469   +018.58783  +000.79803             
+004.43463   +018.58765  +000.79687             
+006.38466   +018.58743  +000.79433             
+008.33462   +018.58740  +000.79206             
+010.28465   +018.58749  +000.79270             
+012.23466   +018.58748  +000.79511             
+014.18460   +018.58737  +000.79883             
+016.13465   +018.58831  +000.80230             
+018.08476   +018.58764  +000.80299             
+020.03457   +018.58737  +000.80043             
+000.53497   +020.48841  +000.77207             
+002.48470   +020.48771  +000.77423             
+004.43465   +020.48758  +000.77232             
+006.38467   +020.48729  +000.76826             
+008.33463   +020.48784  +000.76537             
+010.28462   +020.48760  +000.76495             
+012.23466   +020.48759  +000.76642             
+014.18459   +020.48733  +000.77018             
+016.13464   +020.48807  +000.77440             
+018.08466   +020.48767  +000.77512             
+020.03468   +020.48825  +000.77042             
+000.53459   +022.38831  +000.74222             
+002.48469   +022.38769  +000.74277             
+004.43480   +022.38761  +000.73914             
+006.38468   +022.38743  +000.73396             
+008.33468   +022.38770  +000.73002             
+010.28473   +022.38763  +000.73002             
+012.23460   +022.38756  +000.72958             
+014.18460   +022.38793  +000.73496             
+016.13459   +022.38706  +000.74135             
+018.08460   +022.38853  +000.74082             
+020.03480   +022.38712  +000.73476             
+000.53485   +003.38819  +000.18295             
+002.48475   +003.38751  +000.18766             
+004.43475   +003.38781  +000.18760             
+006.38477   +003.38754  +000.18658             
+008.33469   +003.38784  +000.18615             
+010.28467   +003.38758  +000.18528             
+012.23482   +003.38770  +000.18421             
+014.18459   +003.38762  +000.18634             
+016.13458   +003.38753  +000.18902             
+018.08477   +003.38793  +000.18353             
+020.03473   +003.38599  +000.17036             
+000.53472   +005.28802  +000.32895             
+002.48463   +005.28713  +000.32780             
+004.43471   +005.28793  +000.32549             
+006.38471   +005.28752  +000.32931             
+008.33466   +005.28781  +000.33121             
+010.28463   +005.28740  +000.32726             
+012.23474   +005.28762  +000.32483             
+014.18468   +005.28754  +000.32318             
+016.13475   +005.28774  +000.32670             
+018.08476   +005.28743  +000.32107             
+020.03468   +005.28770  +000.31613             
+000.53463   +007.18850  +000.45903             
+002.48458   +007.18765  +000.45997             
+004.43468   +007.18760  +000.45791             
+006.38471   +007.18769  +000.45968             
+008.33455   +007.18761  +000.46196             
+010.28461   +007.18808  +000.45551             
+012.23464   +007.18734  +000.45375             
+014.18462   +007.18834  +000.44992             
+016.13473   +007.18738  +000.45205             
+018.08473   +007.18757  +000.45578             
+020.03479   +007.18790  +000.44455             
+000.53457   +009.08825  +000.56437             
+002.48468   +009.08768  +000.56623             
+004.43469   +009.08762  +000.56522             
+006.38473   +009.08794  +000.56755             
+008.33470   +009.08752  +000.56864             
+010.28466   +009.08815  +000.55962             
+012.23473   +009.08745  +000.55637             
+014.18464   +009.08822  +000.55391             
+016.13470   +009.08747  +000.55701             
+018.08464   +009.08772  +000.55874             
+020.03467   +009.08742  +000.54857             
+000.53449   +010.98874  +000.64857             
+002.48471   +010.98765  +000.65041             
+004.43473   +010.98783  +000.64854             
+006.38474   +010.98757  +000.65325             
+008.33460   +010.98753  +000.65408             
+010.28459   +010.98798  +000.64692             
+012.23466   +010.98748  +000.64378             
+014.18458   +010.98759  +000.63922             
+016.13458   +010.98730  +000.64386             
+018.08468   +010.98840  +000.64611             
+020.03477   +010.98731  +000.63375             
+000.53462   +012.88876  +000.72509             
+002.48468   +012.88769  +000.72626             
+004.43469   +012.88761  +000.72584             
+006.38471   +012.88774  +000.72716             
+008.33451   +012.88759  +000.72568             
+010.28465   +012.88763  +000.72136             
+012.23463   +012.88808  +000.71592             
+014.18478   +012.88750  +000.71261             
+016.13462   +012.88812  +000.71663             
+018.08487   +012.88754  +000.71550             
+020.03467   +012.88814  +000.70557             
+000.53464   +014.78878  +000.78564             
+002.48466   +014.78779  +000.78606             
+004.43467   +014.78761  +000.78341             
+006.38458   +014.78771  +000.78188             
+008.33465   +014.78802  +000.77972             
+010.28460   +014.78736  +000.77763             
+012.23463   +014.78837  +000.77554             
+014.18472   +014.78719  +000.77308             
+016.13465   +014.78850  +000.77216             
+018.08473   +014.78722  +000.77129             
+020.03479   +014.78854  +000.76661             
+000.53470   +016.68843  +000.79965             
+002.48471   +016.68768  +000.80239             
+004.43468   +016.68767  +000.80105             
+006.38472   +016.68762  +000.79903             
+008.33463   +016.68755  +000.79917             
+010.28463   +016.68801  +000.80061             
+012.23464   +016.68747  +000.80092             
+014.18474   +016.68804  +000.80045             
+016.13478   +016.68762  +000.80010             
+018.08452   +016.68781  +000.80110             
+020.03461   +016.68782  +000.80080             
+000.53479   +018.58811  +000.78436             
+002.48490   +018.58776  +000.78605             
+004.43469   +018.58758  +000.78521             
+006.38471   +018.58775  +000.78479             
+008.33462   +018.58741  +000.78611             
+010.28465   +018.58845  +000.78839             
+012.23462   +018.58735  +000.78973             
+014.18473   +018.58824  +000.79059             
+016.13469   +018.58735  +000.79210             
+018.08467   +018.58839  +000.79492             
+020.03474   +018.58742  +000.79520             
+000.53498   +020.48892  +000.75513             
+002.48461   +020.48784  +000.75504             
+004.43469   +020.48756  +000.75292             
+006.38469   +020.48755  +000.75399             
+008.33456   +020.48795  +000.75726             
+010.28463   +020.48751  +000.76090             
+012.23469   +020.48804  +000.76268             
+014.18484   +020.48766  +000.76222             
+016.13476   +020.48768  +000.76349             
+018.08465   +020.48786  +000.76726             
+020.03474   +020.48807  +000.76811             
+000.53477   +022.38852  +000.71553             
+002.48464   +022.38782  +000.71574             
+004.43473   +022.38767  +000.71351             
+006.38466   +022.38745  +000.71478             
+008.33472   +022.38744  +000.71897             
+010.28464   +022.38784  +000.72629             
+012.23476   +022.38791  +000.72769             
+014.18476   +022.38752  +000.72479             
+016.13466   +022.38778  +000.72426             
+018.08456   +022.38756  +000.72848             
+020.03458   +022.38740  +000.73216       
