+000.53458   +003.38868  +000.19889             
+002.48459   +003.38815  +000.20165             
+004.43479   +003.38749  +000.20083             
+006.38470   +003.38759  +000.20073             
+008.33465   +003.38754  +000.20088             
+010.28462   +003.38776  +000.20339             
+012.23475   +003.38770  +000.20431             
+014.18467   +003.38743  +000.20341             
+016.13466   +003.38793  +000.20190             
+018.08459   +003.38755  +000.20339             
+020.03463   +003.38587  +000.20171             
+000.53460   +005.28843  +000.34098             
+002.48455   +005.28699  +000.34299             
+004.43464   +005.28818  +000.34529             
+006.38471   +005.28744  +000.34498             
+008.33460   +005.28765  +000.34409             
+010.28455   +005.28749  +000.34664             
+012.23461   +005.28757  +000.34630             
+014.18460   +005.28754  +000.34584             
+016.13484   +005.28801  +000.34566             
+018.08463   +005.28796  +000.34682             
+020.03473   +005.28741  +000.34370             
+000.53471   +007.18830  +000.46425             
+002.48462   +007.18771  +000.46864             
+004.43460   +007.18764  +000.47143             
+006.38487   +007.18741  +000.47262             
+008.33457   +007.18754  +000.47190             
+010.28472   +007.18773  +000.47265             
+012.23461   +007.18723  +000.47141             
+014.18467   +007.18836  +000.47111             
+016.13469   +007.18756  +000.47210             
+018.08458   +007.18764  +000.47432             
+020.03478   +007.18757  +000.47445             
+000.53465   +009.08828  +000.56656             
+002.48473   +009.08773  +000.57140             
+004.43467   +009.08765  +000.57310             
+006.38493   +009.08739  +000.57320             
+008.33468   +009.08780  +000.57284             
+010.28453   +009.08736  +000.57302             
+012.23462   +009.08820  +000.57180             
+014.18471   +009.08743  +000.57303             
+016.13459   +009.08789  +000.57641             
+018.08461   +009.08724  +000.58034             
+020.03469   +009.08826  +000.58048             
+000.53463   +010.98864  +000.64960             
+002.48457   +010.98782  +000.65624             
+004.43468   +010.98751  +000.65862             
+006.38487   +010.98759  +000.65837             
+008.33469   +010.98751  +000.65755             
+010.28467   +010.98742  +000.65697             
+012.23472   +010.98790  +000.65604             
+014.18462   +010.98760  +000.65919             
+016.13468   +010.98769  +000.66528             
+018.08469   +010.98773  +000.66850             
+020.03469   +010.98782  +000.66902             
+000.53489   +012.88872  +000.72016             
+002.48472   +012.88774  +000.72747             
+004.43469   +012.88757  +000.72844             
+006.38472   +012.88749  +000.72892             
+008.33473   +012.88753  +000.72887             
+010.28469   +012.88799  +000.72915             
+012.23464   +012.88732  +000.72978             
+014.18463   +012.88828  +000.73243             
+016.13462   +012.88752  +000.73839             
+018.08456   +012.88781  +000.74191             
+020.03466   +012.88763  +000.74111             
+000.53459   +014.78854  +000.77691             
+002.48464   +014.78775  +000.77964             
+004.43466   +014.78737  +000.78066             
+006.38461   +014.78768  +000.78132             
+008.33459   +014.78743  +000.78231             
+010.28468   +014.78809  +000.78406             
+012.23469   +014.78716  +000.78611             
+014.18454   +014.78840  +000.78834             
+016.13464   +014.78722  +000.79231             
+018.08462   +014.78859  +000.79486             
+020.03466   +014.78708  +000.79344             
+000.53472   +016.68835  +000.80442             
+002.48473   +016.68774  +000.80314             
+004.43459   +016.68760  +000.80298             
+006.38474   +016.68753  +000.80220             
+008.33478   +016.68758  +000.80111             
+010.28467   +016.68770  +000.80250             
+012.23468   +016.68716  +000.80511             
+014.18468   +016.68843  +000.80863             
+016.13458   +016.68722  +000.81109             
+018.08462   +016.68845  +000.81286             
+020.03459   +016.68737  +000.81039             
+000.53484   +018.58794  +000.79287             
+002.48466   +018.58783  +000.79433             
+004.43466   +018.58765  +000.79363             
+006.38482   +018.58747  +000.79167             
+008.33452   +018.58769  +000.78893             
+010.28472   +018.58742  +000.78964             
+012.23457   +018.58792  +000.79164             
+014.18477   +018.58715  +000.79557             
+016.13466   +018.58850  +000.79896             
+018.08459   +018.58730  +000.80031             
+020.03467   +018.58831  +000.79682             
+000.53489   +020.48865  +000.76912             
+002.48470   +020.48771  +000.77119             
+004.43472   +020.48763  +000.76902             
+006.38477   +020.48735  +000.76489             
+008.33477   +020.48774  +000.76179             
+010.28467   +020.48740  +000.76182             
+012.23466   +020.48783  +000.76233             
+014.18469   +020.48722  +000.76645             
+016.13462   +020.48836  +000.77104             
+018.08464   +020.48721  +000.77156             
+020.03488   +020.48857  +000.76717             
+000.53460   +022.38838  +000.73955             
+002.48465   +022.38770  +000.73968             
+004.43467   +022.38770  +000.73657             
+006.38475   +022.38753  +000.73020             
+008.33464   +022.38735  +000.72636             
+010.28484   +022.38773  +000.72650             
+012.23468   +022.38745  +000.72662             
+014.18457   +022.38743  +000.73155             
+016.13477   +022.38747  +000.73805             
+018.08464   +022.38808  +000.73794             
+020.03469   +022.38722  +000.73106             
+000.53475   +003.38812  +000.17903             
+002.48471   +003.38770  +000.18156             
+004.43473   +003.38763  +000.18253             
+006.38466   +003.38761  +000.18258             
+008.33471   +003.38769  +000.18131             
+010.28477   +003.38778  +000.18141             
+012.23468   +003.38756  +000.18050             
+014.18459   +003.38772  +000.18224             
+016.13469   +003.38754  +000.18395             
+018.08471   +003.38796  +000.17967             
+020.03473   +003.38604  +000.16657             
+000.53480   +005.28825  +000.32454             
+002.48471   +005.28708  +000.32356             
+004.43462   +005.28824  +000.32162             
+006.38468   +005.28753  +000.32500             
+008.33472   +005.28753  +000.32750             
+010.28484   +005.28781  +000.32218             
+012.23467   +005.28745  +000.32127             
+014.18475   +005.28806  +000.31979             
+016.13472   +005.28732  +000.32270             
+018.08489   +005.28836  +000.31793             
+020.03478   +005.28728  +000.31272             
+000.53477   +007.18824  +000.45619             
+002.48470   +007.18767  +000.45669             
+004.43460   +007.18767  +000.45461             
+006.38488   +007.18749  +000.45665             
+008.33459   +007.18790  +000.45907             
+010.28472   +007.18757  +000.45205             
+012.23452   +007.18783  +000.45020             
+014.18464   +007.18739  +000.44534             
+016.13474   +007.18771  +000.44791             
+018.08464   +007.18740  +000.45191             
+020.03466   +007.18827  +000.44123             
+000.53472   +009.08811  +000.56100             
+002.48472   +009.08777  +000.56243             
+004.43460   +009.08758  +000.56169             
+006.38463   +009.08768  +000.56458             
+008.33463   +009.08792  +000.56573             
+010.28462   +009.08730  +000.55719             
+012.23463   +009.08775  +000.55446             
+014.18469   +009.08737  +000.55173             
+016.13464   +009.08739  +000.55557             
+018.08444   +009.08806  +000.55543             
+020.03473   +009.08772  +000.54642             
+000.53453   +010.98888  +000.64513             
+002.48481   +010.98768  +000.64713             
+004.43474   +010.98759  +000.64576             
+006.38470   +010.98771  +000.64995             
+008.33459   +010.98754  +000.65149             
+010.28466   +010.98831  +000.64398             
+012.23457   +010.98740  +000.64126             
+014.18460   +010.98759  +000.63633             
+016.13448   +010.98749  +000.64086             
+018.08469   +010.98744  +000.64327             
+020.03464   +010.98825  +000.63016             
+000.53465   +012.88881  +000.72234             
+002.48486   +012.88778  +000.72388             
+004.43483   +012.88751  +000.72306             
+006.38460   +012.88786  +000.72482             
+008.33462   +012.88783  +000.72297             
+010.28457   +012.88765  +000.71794             
+012.23469   +012.88821  +000.71366             
+014.18474   +012.88743  +000.71055             
+016.13476   +012.88839  +000.71379             
+018.08477   +012.88744  +000.71301             
+020.03458   +012.88830  +000.70306             
+000.53466   +014.78879  +000.78284             
+002.48478   +014.78774  +000.78331             
+004.43484   +014.78761  +000.78059             
+006.38469   +014.78787  +000.77879             
+008.33469   +014.78791  +000.77673             
+010.28490   +014.78798  +000.77477             
+012.23464   +014.78760  +000.77223             
+014.18466   +014.78789  +000.77005             
+016.13463   +014.78719  +000.76956             
+018.08466   +014.78832  +000.76863             
+020.03469   +014.78740  +000.76397             
+000.53471   +016.68847  +000.79677             
+002.48481   +016.68778  +000.79943             
+004.43465   +016.68760  +000.79854             
+006.38469   +016.68783  +000.79604             
+008.33470   +016.68748  +000.79602             
+010.28475   +016.68850  +000.79774             
+012.23470   +016.68716  +000.79773             
+014.18466   +016.68857  +000.79762             
+016.13484   +016.68710  +000.79691             
+018.08492   +016.68871  +000.79814             
+020.03456   +016.68708  +000.79802             
+000.53480   +018.58819  +000.78144             
+002.48475   +018.58776  +000.78302             
+004.43467   +018.58759  +000.78221             
+006.38464   +018.58760  +000.78246             
+008.33468   +018.58776  +000.78328             
+010.28472   +018.58779  +000.78561             
+012.23463   +018.58774  +000.78689             
+014.18482   +018.58738  +000.78759             
+016.13476   +018.58835  +000.78922             
+018.08494   +018.58730  +000.79186             
+020.03474   +018.58842  +000.79257             
+000.53491   +020.48862  +000.75259             
+002.48472   +020.48784  +000.75219             
+004.43476   +020.48756  +000.75004             
+006.38466   +020.48748  +000.75071             
+008.33464   +020.48783  +000.75402             
+010.28464   +020.48752  +000.75757             
+012.23459   +020.48773  +000.75886             
+014.18475   +020.48781  +000.75803             
+016.13464   +020.48757  +000.76025             
+018.08471   +020.48785  +000.76405             
+020.03475   +020.48772  +000.76512             
+000.53484   +022.38832  +000.71300             
+002.48464   +022.38777  +000.71338             
+004.43466   +022.38761  +000.71088             
+006.38475   +022.38745  +000.71227             
+008.33475   +022.38748  +000.71654             
+010.28465   +022.38749  +000.72399             
+012.23465   +022.38750  +000.72526             
+014.18476   +022.38760  +000.72257             
+016.13467   +022.38757  +000.72218             
+018.08465   +022.38784  +000.72615             
+020.03473   +022.38833  +000.72966   
