+000.53152   +003.38719  +000.18224             
+002.48186   +003.38698  +000.18424             
+004.43125   +003.38706  +000.18453             
+006.38151   +003.38683  +000.18362             
+008.33150   +003.38657  +000.18471             
+010.28168   +003.38660  +000.18620             
+012.23172   +003.38659  +000.18749             
+014.18163   +003.38661  +000.18568             
+016.12996   +003.38660  +000.18507             
+018.08084   +003.38677  +000.18626             
+020.03135   +003.38629  +000.18445             
+000.53186   +005.28686  +000.32487             
+002.48139   +005.28692  +000.32636             
+004.43170   +005.28641  +000.32696             
+006.38187   +005.28661  +000.32725             
+008.33199   +005.28638  +000.32704             
+010.28197   +005.28663  +000.32833             
+012.23184   +005.28653  +000.32902             
+014.18177   +005.28656  +000.32791             
+016.13122   +005.28667  +000.32800             
+018.08178   +005.28618  +000.32819             
+020.03166   +005.28709  +000.32588             
+000.53280   +007.18708  +000.45240             
+002.48157   +007.18695  +000.45629             
+004.43153   +007.18658  +000.45778             
+006.38203   +007.18668  +000.45868             
+008.33185   +007.18643  +000.45717             
+010.28218   +007.18669  +000.45756             
+012.23140   +007.18648  +000.45735             
+014.18148   +007.18632  +000.45634             
+016.13275   +007.18707  +000.45793             
+018.08091   +007.18631  +000.45992             
+020.03091   +007.18637  +000.45971             
+000.53204   +009.08677  +000.55723             
+002.48207   +009.08692  +000.56302             
+004.43196   +009.08654  +000.56361             
+006.38199   +009.08654  +000.56400             
+008.33105   +009.08645  +000.56349             
+010.28199   +009.08646  +000.56248             
+012.23201   +009.08660  +000.56177             
+014.18179   +009.08659  +000.56316             
+016.13156   +009.08628  +000.56586             
+018.08198   +009.08652  +000.56945             
+020.03222   +009.08629  +000.57014             
+000.53388   +010.98691  +000.63986             
+002.48282   +010.98692  +000.64595             
+004.43200   +010.98679  +000.64774             
+006.38188   +010.98643  +000.64703             
+008.33210   +010.98662  +000.64582             
+010.28158   +010.98648  +000.64451             
+012.23225   +010.98637  +000.64480             
+014.18247   +010.98659  +000.64799             
+016.13232   +010.98638  +000.65198             
+018.08151   +010.98652  +000.65547             
+020.03203   +010.98646  +000.65556             
+000.53264   +012.88688  +000.70669             
+002.48223   +012.88689  +000.71038             
+004.43223   +012.88671  +000.71267             
+006.38161   +012.88657  +000.71216             
+008.33141   +012.88621  +000.71155             
+010.28223   +012.88678  +000.71244             
+012.23243   +012.88624  +000.71533             
+014.18207   +012.88688  +000.71752             
+016.13198   +012.88627  +000.72541             
+018.08193   +012.88634  +000.72380             
+020.03234   +012.88643  +000.72349             
+000.53149   +014.78694  +000.75272             
+002.48194   +014.78688  +000.75331             
+004.43231   +014.78675  +000.75400             
+006.38201   +014.78643  +000.75389             
+008.33169   +014.78637  +000.75418             
+010.28196   +014.78649  +000.75537             
+012.23185   +014.78635  +000.75806             
+014.18233   +014.78614  +000.76105             
+016.13222   +014.78669  +000.76364             
+018.08161   +014.78632  +000.76553             
+020.03146   +014.78722  +000.76432             
+000.53228   +016.68684  +000.77195             
+002.48215   +016.68692  +000.76994             
+004.43240   +016.68686  +000.76963             
+006.38220   +016.68675  +000.76942             
+008.33196   +016.68648  +000.76781             
+010.28316   +016.68625  +000.76900             
+012.23205   +016.68641  +000.77149             
+014.18220   +016.68628  +000.77408             
+016.13151   +016.68670  +000.77667             
+018.08304   +016.68606  +000.77806             
+020.03191   +016.68738  +000.77634             
+000.53253   +018.58698  +000.76038             
+002.48279   +018.58695  +000.76137             
+004.43235   +018.58689  +000.76076             
+006.38210   +018.58660  +000.75865             
+008.33148   +018.58637  +000.75643             
+010.28185   +018.58666  +000.75702             
+012.23225   +018.58615  +000.75961             
+014.18262   +018.58674  +000.76270             
+016.13065   +018.58618  +000.76599             
+018.08207   +018.58751  +000.77158             
+020.03251   +018.58698  +000.76777             
+000.53219   +020.48695  +000.74210             
+002.48216   +020.48658  +000.74419             
+004.43234   +020.48635  +000.74267             
+006.38222   +020.48659  +000.73846             
+008.33301   +020.48580  +000.73585             
+010.28175   +020.48757  +000.73524             
+012.23251   +020.48679  +000.73683             
+014.18245   +020.48710  +000.74062             
+016.13211   +020.48591  +000.74481             
+018.08201   +020.48744  +000.74480             
+020.03172   +020.48622  +000.73959             
+000.53249   +022.38680  +000.72142             
+002.47809   +022.38644  +000.72430             
+004.43196   +022.38651  +000.71109             
+006.38225   +022.38650  +000.70478             
+008.33236   +022.38684  +000.70137             
+010.28261   +022.38610  +000.70126             
+012.23193   +022.38707  +000.70155             
+014.18322   +022.38646  +000.70584             
+016.13058   +022.38685  +000.71102             
+018.08224   +022.38592  +000.71061             
+020.03213   +022.38709  +000.70360             
+000.53119   +003.38766  +000.16955             
+002.48187   +003.38717  +000.17174             
+004.43185   +003.38707  +000.17203             
+006.38207   +003.38680  +000.17088             
+008.32907   +003.38677  +000.16864             
+010.28223   +003.38678  +000.17420             
+012.23225   +003.38705  +000.16926             
+014.18196   +003.38670  +000.16971             
+016.13068   +003.38699  +000.17087             
+018.08240   +003.38678  +000.16453             
+020.03184   +003.38706  +000.15008             
+000.53173   +005.28690  +000.31137             
+002.48162   +005.28677  +000.31046             
+004.43144   +005.28669  +000.31015             
+006.38107   +005.28656  +000.31251             
+008.33181   +005.28661  +000.31347             
+010.28185   +005.28668  +000.30992             
+012.23142   +005.28655  +000.30778             
+014.18206   +005.28658  +000.30784             
+016.13188   +005.28709  +000.31009             
+018.08194   +005.28651  +000.30715             
+020.03198   +005.28717  +000.29551             
+000.53176   +007.18679  +000.45230             
+002.48175   +007.18668  +000.44749             
+004.43222   +007.18644  +000.44558             
+006.38271   +007.18686  +000.44994             
+008.33175   +007.18645  +000.45029             
+010.28223   +007.18706  +000.44365             
+012.23196   +007.18629  +000.44121             
+014.18101   +007.18728  +000.43786             
+016.13198   +007.18646  +000.44052             
+018.08094   +007.18747  +000.43987             
+020.03056   +007.18613  +000.42923             
+000.53196   +009.08686  +000.55843             
+002.48199   +009.08693  +000.55892             
+004.43199   +009.08683  +000.55811             
+006.38255   +009.08654  +000.56116             
+008.33216   +009.08659  +000.56012             
+010.28214   +009.08697  +000.55147             
+012.23063   +009.08633  +000.54843             
+014.18201   +009.08727  +000.54609             
+016.13183   +009.08639  +000.55014             
+018.08286   +009.08728  +000.55570             
+020.03052   +009.08623  +000.53536             
+000.53195   +010.98683  +000.64535             
+002.48211   +010.98685  +000.64284             
+004.43313   +010.98651  +000.64193             
+006.38285   +010.98654  +000.64639             
+008.33164   +010.98716  +000.64494             
+010.28213   +010.98605  +000.63780             
+012.23197   +010.98732  +000.63386             
+014.18230   +010.98611  +000.63061             
+016.13197   +010.98765  +000.63537             
+018.08267   +010.98673  +000.63413             
+020.03300   +010.98749  +000.62048             
+000.53241   +012.88687  +000.71478             
+002.48211   +012.88677  +000.71497             
+004.43229   +012.88670  +000.71376             
+006.38249   +012.88658  +000.71311             
+008.33170   +012.88701  +000.71087             
+010.28229   +012.88612  +000.70623             
+012.23228   +012.88762  +000.70188             
+014.18193   +012.88688  +000.69984             
+016.13248   +012.88716  +000.70139             
+018.08174   +012.88641  +000.69975             
+020.03214   +012.88714  +000.69051             
+000.53237   +014.78676  +000.75931             
+002.48204   +014.78666  +000.75970             
+004.43185   +014.78672  +000.75808             
+006.38221   +014.78647  +000.75534             
+008.33206   +014.78675  +000.75370             
+010.28196   +014.78638  +000.75455             
+012.23346   +014.78732  +000.75951             
+014.18350   +014.78645  +000.75776             
+016.13254   +014.78745  +000.74842             
+018.08272   +014.78625  +000.74718             
+020.03346   +014.78769  +000.74383             
+000.53263   +016.68687  +000.76993             
+002.48235   +016.68685  +000.77102             
+004.43230   +016.68643  +000.76981             
+006.38168   +016.68689  +000.76877             
+008.33242   +016.68634  +000.76772             
+010.28214   +016.68710  +000.76848             
+012.23222   +016.68587  +000.76833             
+014.18240   +016.68759  +000.76859             
+016.13268   +016.68686  +000.76824             
+018.08233   +016.68765  +000.76850             
+020.03208   +016.68650  +000.76896             
+000.53285   +018.58691  +000.75536             
+002.48201   +018.58666  +000.75645             
+004.43174   +018.58659  +000.75483             
+006.38227   +018.58639  +000.75429             
+008.33225   +018.58668  +000.75634             
+010.28212   +018.58656  +000.75770             
+012.23222   +018.58679  +000.75846             
+014.18212   +018.58622  +000.75921             
+016.13230   +018.58771  +000.76027             
+018.08230   +018.58710  +000.76242             
+020.03086   +018.58729  +000.76258             
+000.53224   +020.48699  +000.72657             
+002.48216   +020.48690  +000.72606             
+004.43114   +020.48673  +000.72515             
+006.38046   +020.48653  +000.72550             
+008.33219   +020.48656  +000.72816             
+010.28284   +020.48707  +000.73142             
+012.23223   +020.48638  +000.73707             
+014.18192   +020.48683  +000.73332             
+016.13249   +020.48666  +000.73478             
+018.08226   +020.48697  +000.73744             
+020.03292   +020.48595  +000.73749             
+000.53260   +022.38663  +000.68969             
+002.48240   +022.38683  +000.68888             
+004.43054   +022.38666  +000.68676             
+006.38421   +022.38634  +000.68772             
+008.33273   +022.38705  +000.69248             
+010.28224   +022.38613  +000.70003             
+012.23306   +022.38717  +000.70309             
+014.18235   +022.38640  +000.69794             
+016.13221   +022.38703  +000.69689             
+018.08190   +022.38656  +000.70095             
+020.03225   +022.38659  +000.70330     
