C:\Partrtn\Jobs\Jana folder\22_08\ladder_22.RTN 08/23/2012 15:00:39     0
+0.5286 +22.3858 -0.1115 
+2.4884 +22.3850 -0.1099 
+4.4485 +22.3854 -0.1148 
+6.4085 +22.3854 -0.1205 
+8.3685 +22.3853 -0.1245 
+10.3285 +22.3852 -0.1252 
+12.2886 +22.3851 -0.1262 
+14.2486 +22.3851 -0.1212 
+16.2085 +22.3850 -0.1167 
+18.1685 +22.3850 -0.1168 
+20.1286 +22.3849 -0.1220 
+0.5279 +20.6612 -0.0355 
+2.4878 +20.6618 -0.0344 
+4.4478 +20.6618 -0.0355 
+6.4079 +20.6615 -0.0388 
+8.3679 +20.6615 -0.0435 
+10.3279 +20.6610 -0.0442 
+12.2878 +20.6613 -0.0428 
+14.2479 +20.6611 -0.0397 
+16.2078 +20.6611 -0.0353 
+18.1678 +20.6609 -0.0344 
+20.1278 +20.6610 -0.0399 
+0.5273 +18.9373 +0.0365 
+2.4871 +18.9378 +0.0396 
+4.4471 +18.9377 +0.0385 
+6.4071 +18.9376 +0.0353 
+8.3673 +18.9376 +0.0331 
+10.3271 +18.9367 +0.0339 
+12.2872 +18.9374 +0.0351 
+14.2472 +18.9367 +0.0386 
+16.2072 +18.9366 +0.0421 
+18.1672 +18.9366 +0.0436 
+20.1271 +18.9372 +0.0399 
+0.5268 +17.2130 +0.1049 
+2.4866 +17.2137 +0.1043 
+4.4466 +17.2137 +0.1028 
+6.4066 +17.2136 +0.1025 
+8.3668 +17.2127 +0.1005 
+10.3268 +17.2127 +0.0998 
+12.2866 +17.2133 +0.1031 
+14.2467 +17.2122 +0.1058 
+16.2067 +17.2121 +0.1088 
+18.1667 +17.2123 +0.1112 
+20.1266 +17.2130 +0.1095 
+0.5263 +15.4885 +0.1500 
+2.4863 +15.4892 +0.1480 
+4.4462 +15.4881 +0.1480 
+6.4062 +15.4882 +0.1489 
+8.3664 +15.4880 +0.1479 
+10.3263 +15.4891 +0.1489 
+12.2862 +15.4882 +0.1525 
+14.2463 +15.4879 +0.1539 
+16.2063 +15.4879 +0.1568 
+18.1662 +15.4888 +0.1590 
+20.1261 +15.4887 +0.1581 
+0.5261 +13.7636 +0.1648 
+2.4860 +13.7645 +0.1683 
+4.4462 +13.7634 +0.1703 
+6.4060 +13.7644 +0.1705 
+8.3661 +13.7632 +0.1700 
+10.3262 +13.7628 +0.1712 
+12.2860 +13.7644 +0.1739 
+14.2461 +13.7627 +0.1764 
+16.2059 +13.7643 +0.1794 
+18.1661 +13.7625 +0.1815 
+20.1259 +13.7626 +0.1822 
+0.5261 +12.0385 +0.1610 
+2.4859 +12.0395 +0.1686 
+4.4461 +12.0396 +0.1699 
+6.4061 +12.0383 +0.1697 
+8.3661 +12.0384 +0.1691 
+10.3260 +12.0378 +0.1676 
+12.2860 +12.0392 +0.1681 
+14.2461 +12.0381 +0.1725 
+16.2062 +12.0381 +0.1765 
+18.1659 +12.0379 +0.1801 
+20.1259 +12.0392 +0.1808 
+0.5259 +10.3135 +0.1443 
+2.4860 +10.3136 +0.1508 
+4.4460 +10.3143 +0.1521 
+6.4061 +10.3142 +0.1525 
+8.3660 +10.3140 +0.1502 
+10.3262 +10.3141 +0.1491 
+12.2860 +10.3136 +0.1488 
+14.2462 +10.3124 +0.1516 
+16.2061 +10.3139 +0.1543 
+18.1660 +10.3139 +0.1588 
+20.1260 +10.3125 +0.1596 
+0.5264 +8.5880 +0.1119 
+2.4865 +8.5880 +0.1175 
+4.4462 +8.5887 +0.1189 
+6.4064 +8.5888 +0.1194 
+8.3663 +8.5886 +0.1178 
+10.3263 +8.5886 +0.1175 
+12.2862 +8.5882 +0.1159 
+14.2464 +8.5883 +0.1156 
+16.2063 +8.5883 +0.1181 
+18.1661 +8.5872 +0.1213 
+20.1261 +8.5881 +0.1228 
+0.5266 +6.8623 +0.0577 
+2.4867 +6.8627 +0.0625 
+4.4466 +6.8630 +0.0627 
+6.4067 +6.8623 +0.0641 
+8.3667 +6.8621 +0.0629 
+10.3267 +6.8628 +0.0629 
+12.2866 +6.8620 +0.0626 
+14.2467 +6.8628 +0.0619 
+16.2069 +6.8622 +0.0621 
+18.1667 +6.8624 +0.0642 
+20.1266 +6.8625 +0.0631 
+0.5271 +5.1365 -0.0108 
+2.4872 +5.1368 -0.0094 
+4.4471 +5.1370 -0.0090 
+6.4071 +5.1370 -0.0085 
+8.3672 +5.1368 -0.0096 
+10.3271 +5.1368 -0.0084 
+12.2871 +5.1361 -0.0079 
+14.2472 +5.1362 -0.0097 
+16.2073 +5.1361 -0.0104 
+18.1673 +5.1357 -0.0093 
+20.1272 +5.1364 -0.0118 
+0.5277 +3.4102 -0.0940 
+2.4877 +3.4108 -0.0889 
+4.4477 +3.4107 -0.0899 
+6.4077 +3.4107 -0.0912 
+8.3677 +3.4106 -0.0912 
+10.3278 +3.4101 -0.0903 
+12.2878 +3.4105 -0.0891 
+14.2477 +3.4103 -0.0896 
+16.2077 +3.4102 -0.0913 
+18.1678 +3.4102 -0.0897 
+20.1277 +3.4101 -0.0912 

+0.5289 +22.3858 -0.1102 
+2.4876 +22.3868 -0.1110 
+4.4489 +22.3864 -0.1152 
+6.4082 +22.3866 -0.1211 
+8.3681 +22.3863 -0.1249 
+10.3287 +22.3864 -0.1257 
+12.2887 +22.3861 -0.1253 
+14.2483 +22.3861 -0.1208 
+16.2080 +22.3864 -0.1157 
+18.1681 +22.3859 -0.1167 
+20.1281 +22.3861 -0.1239 
+0.5290 +20.6612 -0.0355 
+2.4883 +20.6619 -0.0338 
+4.4483 +20.6615 -0.0357 
+6.4085 +20.6611 -0.0393 
+8.3686 +20.6615 -0.0427 
+10.3279 +20.6617 -0.0431 
+12.2888 +20.6613 -0.0420 
+14.2478 +20.6611 -0.0382 
+16.2083 +20.6610 -0.0344 
+18.1681 +20.6611 -0.0342 
+20.1276 +20.6611 -0.0397 
+0.5288 +18.9362 +0.0369 
+2.4873 +18.9365 +0.0381 
+4.4487 +18.9366 +0.0375 
+6.4073 +18.9365 +0.0350 
+8.3685 +18.9359 +0.0326 
+10.3284 +18.9359 +0.0327 
+12.2889 +18.9364 +0.0350 
+14.2488 +18.9362 +0.0388 
+16.2088 +18.9362 +0.0416 
+18.1685 +18.9362 +0.0425 
+20.1284 +18.9360 +0.0383 
+0.5285 +17.2116 +0.1019 
+2.4881 +17.2113 +0.1003 
+4.4486 +17.2116 +0.0995 
+6.4086 +17.2113 +0.0983 
+8.3685 +17.2115 +0.0965 
+10.3281 +17.2113 +0.0975 
+12.2878 +17.2112 +0.1007 
+14.2484 +17.2113 +0.1041 
+16.2079 +17.2110 +0.1064 
+18.1670 +17.2109 +0.1076 
+20.1283 +17.2109 +0.1051 
+0.5281 +15.4864 +0.1448 
+2.4877 +15.4869 +0.1433 
+4.4482 +15.4864 +0.1431 
+6.4079 +15.4861 +0.1431 
+8.3665 +15.4865 +0.1432 
+10.3280 +15.4866 +0.1442 
+12.2875 +15.4865 +0.1474 
+14.2476 +15.4860 +0.1502 
+16.2083 +15.4860 +0.1525 
+18.1675 +15.4861 +0.1542 
+20.1278 +15.4862 +0.1534 
+0.5284 +13.7614 +0.1610 
+2.4880 +13.7618 +0.1640 
+4.4484 +13.7613 +0.1650 
+6.4072 +13.7616 +0.1652 
+8.3675 +13.7616 +0.1655 
+10.3279 +13.7611 +0.1665 
+12.2876 +13.7614 +0.1687 
+14.2476 +13.7613 +0.1721 
+16.2084 +13.7610 +0.1748 
+18.1682 +13.7614 +0.1769 
+20.1284 +13.7613 +0.1763 
+0.5286 +12.0363 +0.1591 
+2.4881 +12.0364 +0.1646 
+4.4487 +12.0371 +0.1668 
+6.4080 +12.0362 +0.1662 
+8.3677 +12.0362 +0.1651 
+10.3282 +12.0362 +0.1647 
+12.2878 +12.0361 +0.1659 
+14.2475 +12.0361 +0.1694 
+16.2083 +12.0364 +0.1734 
+18.1675 +12.0361 +0.1760 
+20.1275 +12.0362 +0.1757 
+0.5280 +10.3110 +0.1436 
+2.4883 +10.3118 +0.1499 
+4.4488 +10.3112 +0.1512 
+6.4080 +10.3113 +0.1503 
+8.3680 +10.3115 +0.1489 
+10.3284 +10.3111 +0.1471 
+12.2886 +10.3113 +0.1470 
+14.2467 +10.3118 +0.1503 
+16.2083 +10.3117 +0.1537 
+18.1680 +10.3116 +0.1570 
+20.1273 +10.3113 +0.1573 
+0.5286 +8.5863 +0.1146 
+2.4873 +8.5864 +0.1198 
+4.4478 +8.5869 +0.1205 
+6.4079 +8.5863 +0.1202 
+8.3678 +8.5869 +0.1193 
+10.3278 +8.5863 +0.1184 
+12.2879 +8.5860 +0.1172 
+14.2480 +8.5865 +0.1178 
+16.2086 +8.5862 +0.1204 
+18.1675 +8.5860 +0.1231 
+20.1278 +8.5860 +0.1243 
+0.5275 +6.8611 +0.0654 
+2.4874 +6.8616 +0.0686 
+4.4477 +6.8614 +0.0700 
+6.4083 +6.8613 +0.0708 
+8.3682 +6.8617 +0.0689 
+10.3279 +6.8608 +0.0688 
+12.2881 +6.8616 +0.0685 
+14.2481 +6.8610 +0.0679 
+16.2092 +6.8611 +0.0686 
+18.1676 +6.8608 +0.0697 
+20.1279 +6.8613 +0.0684 
+0.5279 +5.1361 -0.0021 
+2.4872 +5.1366 -0.0011 
+4.4474 +5.1367 -0.0011 
+6.4079 +5.1365 -0.0014 
+8.3656 +5.1366 -0.0023 
+10.3275 +5.1362 -0.0013 
+12.2882 +5.1363 -0.0007 
+14.2477 +5.1362 -0.0019 
+16.2074 +5.1361 -0.0028 
+18.1679 +5.1363 -0.0013 
+20.1277 +5.1359 -0.0055 
+0.5284 +3.4108 -0.0823 
+2.4879 +3.4114 -0.0799 
+4.4480 +3.4115 -0.0807 
+6.4073 +3.4113 -0.0803 
+8.3683 +3.4113 -0.0803 
+10.3279 +3.4111 -0.0738 
+12.2879 +3.4115 -0.0786 
+14.2468 +3.4114 -0.0804 
+16.2079 +3.4114 -0.0817 
+18.1677 +3.4112 -0.0808 
+20.1281 +3.4110 -0.0844 

+0.5207 +22.3805 -0.1266 
+2.4806 +22.3803 -0.1268 
+4.4406 +22.3805 -0.1265 
+6.4006 +22.3805 -0.1261 
+8.3607 +22.3805 -0.1212 
+10.3205 +22.3808 -0.1138 
+12.2805 +22.3807 -0.1133 
+14.2405 +22.3807 -0.1137 
+16.2005 +22.3807 -0.1130 
+18.1605 +22.3808 -0.1089 
+20.1204 +22.3808 -0.1053 
+0.5199 +20.6563 -0.0408 
+2.4799 +20.6565 -0.0391 
+4.4399 +20.6568 -0.0415 
+6.3999 +20.6567 -0.0401 
+8.3598 +20.6567 -0.0359 
+10.3199 +20.6567 -0.0316 
+12.2799 +20.6571 -0.0292 
+14.2398 +20.6570 -0.0282 
+16.1998 +20.6571 -0.0271 
+18.1597 +20.6570 -0.0233 
+20.1197 +20.6571 -0.0221 
+0.5193 +18.9324 +0.0396 
+2.4793 +18.9330 +0.0412 
+4.4394 +18.9331 +0.0404 
+6.3993 +18.9324 +0.0413 
+8.3592 +18.9333 +0.0429 
+10.3192 +18.9332 +0.0455 
+12.2793 +18.9325 +0.0473 
+14.2393 +18.9327 +0.0483 
+16.1991 +18.9331 +0.0514 
+18.1591 +18.9333 +0.0554 
+20.1192 +18.9333 +0.0551 
+0.5187 +17.2082 +0.1090 
+2.4787 +17.2092 +0.1127 
+4.4388 +17.2091 +0.1126 
+6.3988 +17.2084 +0.1114 
+8.3587 +17.2091 +0.1123 
+10.3186 +17.2091 +0.1150 
+12.2786 +17.2082 +0.1159 
+14.2387 +17.2080 +0.1172 
+16.1986 +17.2092 +0.1169 
+18.1587 +17.2080 +0.1197 
+20.1187 +17.2080 +0.1209 
+0.5182 +15.4839 +0.1633 
+2.4784 +15.4840 +0.1656 
+4.4385 +15.4839 +0.1634 
+6.3985 +15.4838 +0.1621 
+8.3582 +15.4849 +0.1614 
+10.3183 +15.4849 +0.1617 
+12.2782 +15.4848 +0.1620 
+14.2384 +15.4833 +0.1608 
+16.1984 +15.4836 +0.1603 
+18.1584 +15.4835 +0.1618 
+20.1182 +15.4849 +0.1602 
+0.5181 +13.7589 +0.1875 
+2.4782 +13.7603 +0.1883 
+4.4382 +13.7603 +0.1867 
+6.3984 +13.7588 +0.1861 
+8.3583 +13.7588 +0.1837 
+10.3182 +13.7604 +0.1816 
+12.2782 +13.7588 +0.1795 
+14.2381 +13.7602 +0.1770 
+16.1982 +13.7603 +0.1777 
+18.1581 +13.7601 +0.1776 
+20.1182 +13.7603 +0.1719 
+0.5182 +12.0343 +0.1798 
+2.4781 +12.0352 +0.1809 
+4.4381 +12.0351 +0.1806 
+6.3983 +12.0340 +0.1842 
+8.3581 +12.0351 +0.1837 
+10.3182 +12.0339 +0.1789 
+12.2782 +12.0352 +0.1741 
+14.2384 +12.0340 +0.1710 
+16.1982 +12.0341 +0.1760 
+18.1582 +12.0353 +0.1762 
+20.1182 +12.0350 +0.1656 
+0.5181 +10.3090 +0.1598 
+2.4783 +10.3099 +0.1613 
+4.4384 +10.3090 +0.1600 
+6.3983 +10.3099 +0.1643 
+8.3583 +10.3100 +0.1660 
+10.3182 +10.3088 +0.1578 
+12.2785 +10.3086 +0.1553 
+14.2383 +10.3091 +0.1535 
+16.1984 +10.3087 +0.1575 
+18.1582 +10.3099 +0.1607 
+20.1183 +10.3097 +0.1462 
+0.5184 +8.5834 +0.1266 
+2.4785 +8.5837 +0.1272 
+4.4384 +8.5837 +0.1266 
+6.3984 +8.5847 +0.1288 
+8.3586 +8.5835 +0.1310 
+10.3185 +8.5846 +0.1229 
+12.2785 +8.5845 +0.1203 
+14.2386 +8.5845 +0.1172 
+16.1984 +8.5845 +0.1205 
+18.1585 +8.5846 +0.1238 
+20.1186 +8.5845 +0.1108 
+0.5189 +6.8579 +0.0658 
+2.4789 +6.8582 +0.0648 
+4.4389 +6.8586 +0.0626 
+6.3990 +6.8587 +0.0662 
+8.3588 +6.8588 +0.0701 
+10.3189 +6.8585 +0.0647 
+12.2790 +6.8579 +0.0614 
+14.2390 +6.8582 +0.0593 
+16.1989 +6.8587 +0.0623 
+18.1589 +6.8588 +0.0640 
+20.1190 +6.8587 +0.0554 
+0.5197 +5.1320 -0.0127 
+2.4795 +5.1326 -0.0127 
+4.4395 +5.1326 -0.0127 
+6.3995 +5.1328 -0.0108 
+8.3594 +5.1327 -0.0091 
+10.3194 +5.1327 -0.0099 
+12.2795 +5.1327 -0.0118 
+14.2395 +5.1322 -0.0110 
+16.1994 +5.1328 -0.0078 
+18.1595 +5.1327 -0.0095 
+20.1196 +5.1326 -0.0210 
+0.5203 +3.4059 -0.0922 
+2.4802 +3.4064 -0.0879 
+4.4402 +3.4065 -0.0872 
+6.4001 +3.4065 -0.0876 
+8.3600 +3.4067 -0.0884 
+10.3200 +3.4064 -0.0891 
+12.2800 +3.4061 -0.0897 
+14.2400 +3.4065 -0.0871 
+16.2000 +3.4067 -0.0844 
+18.1600 +3.4066 -0.0898 
+20.1201 +3.4063 -0.1033 

+0.5207 +22.3810 -0.1268 
+2.4802 +22.3819 -0.1269 
+4.4408 +22.3820 -0.1287 
+6.4005 +22.3820 -0.1270 
+8.3595 +22.3821 -0.1215 
+10.3205 +22.3820 -0.1152 
+12.2799 +22.3819 -0.1134 
+14.2403 +22.3818 -0.1148 
+16.2007 +22.3820 -0.1137 
+18.1605 +22.3819 -0.1083 
+20.1199 +22.3819 -0.1059 
+0.5203 +20.6564 -0.0408 
+2.4806 +20.6573 -0.0408 
+4.4397 +20.6568 -0.0427 
+6.4005 +20.6569 -0.0410 
+8.3595 +20.6570 -0.0371 
+10.3206 +20.6568 -0.0327 
+12.2807 +20.6568 -0.0303 
+14.2407 +20.6569 -0.0295 
+16.2005 +20.6569 -0.0272 
+18.1603 +20.6570 -0.0231 
+20.1207 +20.6567 -0.0228 
+0.5207 +18.9316 +0.0385 
+2.4801 +18.9315 +0.0401 
+4.4394 +18.9317 +0.0389 
+6.4003 +18.9318 +0.0409 
+8.3607 +18.9317 +0.0421 
+10.3201 +18.9316 +0.0449 
+12.2804 +18.9314 +0.0462 
+14.2402 +18.9314 +0.0475 
+16.2008 +18.9314 +0.0503 
+18.1604 +18.9317 +0.0533 
+20.1207 +18.9317 +0.0540 
+0.5207 +17.2059 +0.1066 
+2.4806 +17.2066 +0.1094 
+4.4407 +17.2067 +0.1084 
+6.4006 +17.2066 +0.1075 
+8.3604 +17.2066 +0.1087 
+10.3208 +17.2063 +0.1108 
+12.2803 +17.2065 +0.1114 
+14.2411 +17.2067 +0.1119 
+16.2002 +17.2067 +0.1134 
+18.1605 +17.2067 +0.1151 
+20.1207 +17.2065 +0.1160 
+0.5208 +15.4813 +0.1576 
+2.4804 +15.4817 +0.1590 
+4.4399 +15.4814 +0.1572 
+6.4001 +15.4818 +0.1557 
+8.3603 +15.4818 +0.1554 
+10.3201 +15.4818 +0.1559 
+12.2807 +15.4816 +0.1551 
+14.2406 +15.4821 +0.1544 
+16.1999 +15.4819 +0.1547 
+18.1607 +15.4818 +0.1554 
+20.1204 +15.4820 +0.1540 
+0.5210 +13.7561 +0.1813 
+2.4803 +13.7564 +0.1821 
+4.4414 +13.7563 +0.1802 
+6.4002 +13.7566 +0.1794 
+8.3605 +13.7565 +0.1775 
+10.3201 +13.7562 +0.1756 
+12.2808 +13.7563 +0.1729 
+14.2407 +13.7568 +0.1711 
+16.1994 +13.7566 +0.1718 
+18.1605 +13.7561 +0.1709 
+20.1201 +13.7569 +0.1656 
+0.5206 +12.0310 +0.1761 
+2.4803 +12.0318 +0.1772 
+4.4408 +12.0312 +0.1769 
+6.4004 +12.0313 +0.1796 
+8.3606 +12.0317 +0.1781 
+10.3206 +12.0312 +0.1734 
+12.2818 +12.0310 +0.1688 
+14.2402 +12.0318 +0.1669 
+16.2005 +12.0311 +0.1716 
+18.1606 +12.0319 +0.1705 
+20.1203 +12.0314 +0.1596 
+0.5209 +10.3057 +0.1574 
+2.4803 +10.3067 +0.1582 
+4.4410 +10.3063 +0.1575 
+6.4001 +10.3062 +0.1628 
+8.3604 +10.3063 +0.1625 
+10.3206 +10.3065 +0.1554 
+12.2808 +10.3068 +0.1531 
+14.2406 +10.3065 +0.1503 
+16.1997 +10.3065 +0.1566 
+18.1601 +10.3065 +0.1561 
+20.1205 +10.3063 +0.1422 
+0.5205 +8.5809 +0.1269 
+2.4807 +8.5816 +0.1277 
+4.4408 +8.5815 +0.1269 
+6.3980 +8.5819 +0.1299 
+8.3602 +8.5814 +0.1298 
+10.3204 +8.5813 +0.1221 
+12.2806 +8.5816 +0.1196 
+14.2398 +8.5817 +0.1180 
+16.2006 +8.5816 +0.1227 
+18.1603 +8.5817 +0.1226 
+20.1202 +8.5815 +0.1099 
+0.5207 +6.8561 +0.0711 
+2.4804 +6.8564 +0.0701 
+4.4400 +6.8565 +0.0800 
+6.4004 +6.8562 +0.0729 
+8.3607 +6.8568 +0.0743 
+10.3208 +6.8565 +0.0694 
+12.2805 +6.8566 +0.0672 
+14.2401 +6.8570 +0.0644 
+16.2005 +6.8566 +0.0686 
+18.1608 +6.8567 +0.0686 
+20.1209 +6.8566 +0.0587 
+0.5206 +5.1316 -0.0055 
+2.4814 +5.1318 -0.0054 
+4.4400 +5.1316 -0.0062 
+6.4003 +5.1319 -0.0034 
+8.3603 +5.1318 -0.0023 
+10.3199 +5.1314 -0.0041 
+12.2807 +5.1317 -0.0057 
+14.2407 +5.1313 -0.0047 
+16.1999 +5.1320 -0.0016 
+18.1601 +5.1322 +0.0001 
+20.1196 +5.1315 -0.0155 
+0.5210 +3.4059 -0.0849 
+2.4802 +3.4066 -0.0726 
+4.4396 +3.4068 -0.0816 
+6.4000 +3.4069 -0.0818 
+8.3601 +3.4065 -0.0828 
+10.3207 +3.4067 -0.0836 
+12.2806 +3.4066 -0.0833 
+14.2401 +3.4071 -0.0805 
+16.2005 +3.4067 -0.0786 
+18.1606 +3.4068 -0.0842 
+20.1213 +3.4067 -0.0970 

+0.5203 +22.3807 -0.1097 
+2.4802 +22.3806 -0.1052 
+4.4403 +22.3806 -0.1041 
+6.4003 +22.3808 -0.1064 
+8.3603 +22.3807 -0.1073 
+10.3202 +22.3808 -0.1074 
+12.2803 +22.3807 -0.1113 
+14.2404 +22.3807 -0.1129 
+16.2003 +22.3807 -0.1135 
+18.1603 +22.3807 -0.1120 
+20.1202 +22.3807 -0.1127 
+0.5199 +20.6565 -0.0289 
+2.4799 +20.6568 -0.0229 
+4.4398 +20.6570 -0.0220 
+6.3998 +20.6571 -0.0226 
+8.3598 +20.6570 -0.0231 
+10.3200 +20.6567 -0.0252 
+12.2798 +20.6571 -0.0260 
+14.2398 +20.6569 -0.0290 
+16.1998 +20.6569 -0.0330 
+18.1598 +20.6570 -0.0325 
+20.1199 +20.6570 -0.0315 
+0.5194 +18.9325 +0.0499 
+2.4794 +18.9331 +0.0528 
+4.4393 +18.9332 +0.0539 
+6.3993 +18.9332 +0.0539 
+8.3593 +18.9332 +0.0528 
+10.3191 +18.9326 +0.0531 
+12.2794 +18.9325 +0.0525 
+14.2394 +18.9326 +0.0499 
+16.1994 +18.9325 +0.0470 
+18.1594 +18.9325 +0.0450 
+20.1194 +18.9330 +0.0431 
+0.5189 +17.2083 +0.1157 
+2.4789 +17.2091 +0.1186 
+4.4389 +17.2091 +0.1194 
+6.3990 +17.2085 +0.1200 
+8.3590 +17.2091 +0.1207 
+10.3190 +17.2082 +0.1212 
+12.2789 +17.2080 +0.1214 
+14.2389 +17.2086 +0.1209 
+16.1990 +17.2084 +0.1164 
+18.1590 +17.2083 +0.1134 
+20.1190 +17.2083 +0.1216 
+0.5187 +15.4838 +0.1576 
+2.4787 +15.4838 +0.1600 
+4.4387 +15.4848 +0.1608 
+6.3987 +15.4848 +0.1625 
+8.3587 +15.4837 +0.1640 
+10.3189 +15.4838 +0.1653 
+12.2786 +15.4849 +0.1672 
+14.2387 +15.4848 +0.1658 
+16.1987 +15.4847 +0.1609 
+18.1588 +15.4835 +0.1580 
+20.1188 +15.4848 +0.1564 
+0.5186 +13.7588 +0.1703 
+2.4788 +13.7589 +0.1753 
+4.4386 +13.7589 +0.1770 
+6.3986 +13.7603 +0.1800 
+8.3586 +13.7591 +0.1789 
+10.3186 +13.7602 +0.1774 
+12.2786 +13.7602 +0.1774 
+14.2385 +13.7601 +0.1759 
+16.1986 +13.7603 +0.1769 
+18.1589 +13.7589 +0.1754 
+20.1186 +13.7601 +0.1640 
+0.5186 +12.0340 +0.1626 
+2.4787 +12.0350 +0.1722 
+4.4386 +12.0351 +0.1728 
+6.3987 +12.0341 +0.1736 
+8.3587 +12.0340 +0.1738 
+10.3187 +12.0349 +0.1695 
+12.2787 +12.0337 +0.1674 
+14.2388 +12.0337 +0.1679 
+16.1986 +12.0337 +0.1758 
+18.1588 +12.0336 +0.1746 
+20.1188 +12.0336 +0.1600 
+0.5188 +10.3086 +0.1424 
+2.4787 +10.3088 +0.1543 
+4.4387 +10.3099 +0.1514 
+6.3987 +10.3099 +0.1500 
+8.3587 +10.3097 +0.1517 
+10.3187 +10.3097 +0.1464 
+12.2788 +10.3087 +0.1466 
+14.2387 +10.3098 +0.1469 
+16.1987 +10.3099 +0.1537 
+18.1587 +10.3090 +0.1535 
+20.1189 +10.3084 +0.1419 
+0.5190 +8.5833 +0.1087 
+2.4789 +8.5843 +0.1178 
+4.4390 +8.5836 +0.1146 
+6.3989 +8.5841 +0.1112 
+8.3590 +8.5842 +0.1119 
+10.3189 +8.5843 +0.1062 
+12.2790 +8.5834 +0.1066 
+14.2389 +8.5840 +0.1059 
+16.1989 +8.5834 +0.1129 
+18.1588 +8.5838 +0.1152 
+20.1191 +8.5831 +0.1045 
+0.5194 +6.8578 +0.0540 
+2.4793 +6.8581 +0.0615 
+4.4392 +6.8586 +0.0587 
+6.3993 +6.8585 +0.0539 
+8.3592 +6.8585 +0.0533 
+10.3192 +6.8586 +0.0489 
+12.2792 +6.8585 +0.0483 
+14.2393 +6.8585 +0.0487 
+16.1992 +6.8586 +0.0561 
+18.1592 +6.8586 +0.0570 
+20.1191 +6.8584 +0.0493 
+0.5197 +5.1322 -0.0178 
+2.4795 +5.1322 -0.0116 
+4.4396 +5.1326 -0.0132 
+6.3996 +5.1325 -0.0162 
+8.3596 +5.1321 -0.0183 
+10.3196 +5.1325 -0.0221 
+12.2796 +5.1321 -0.0220 
+14.2396 +5.1325 -0.0201 
+16.1997 +5.1321 -0.0140 
+18.1595 +5.1326 -0.0106 
+20.1195 +5.1326 -0.0146 
+0.5201 +3.4060 -0.0927 
+2.4800 +3.4065 -0.0863 
+4.4399 +3.4066 -0.0863 
+6.4000 +3.4065 -0.0897 
+8.3600 +3.4063 -0.0932 
+10.3200 +3.4060 -0.0947 
+12.2800 +3.4064 -0.0943 
+14.2400 +3.4065 -0.0924 
+16.2000 +3.4064 -0.0876 
+18.1599 +3.4061 -0.0834 
+20.1199 +3.4066 -0.0855 

+0.5204 +22.3809 -0.1105 
+2.4804 +22.3816 -0.1059 
+4.4400 +22.3818 -0.1066 
+6.4002 +22.3819 -0.1074 
+8.3606 +22.3819 -0.1090 
+10.3210 +22.3818 -0.1098 
+12.2805 +22.3818 -0.1127 
+14.2405 +22.3818 -0.1153 
+16.2008 +22.3819 -0.1164 
+18.1599 +22.3820 -0.1143 
+20.1202 +22.3820 -0.1153 
+0.5207 +20.6566 -0.0298 
+2.4807 +20.6569 -0.0249 
+4.4393 +20.6564 -0.0241 
+6.3999 +20.6566 -0.0243 
+8.3611 +20.6569 -0.0256 
+10.3193 +20.6570 -0.0271 
+12.2806 +20.6566 -0.0278 
+14.2404 +20.6568 -0.0299 
+16.2005 +20.6568 -0.0339 
+18.1604 +20.6565 -0.0331 
+20.1201 +20.6567 -0.0345 
+0.5209 +18.9310 +0.0479 
+2.4807 +18.9315 +0.0512 
+4.4405 +18.9316 +0.0528 
+6.4003 +18.9315 +0.0525 
+8.3588 +18.9316 +0.0519 
+10.3208 +18.9318 +0.0515 
+12.2800 +18.9317 +0.0508 
+14.2401 +18.9318 +0.0489 
+16.2009 +18.9316 +0.0447 
+18.1601 +18.9316 +0.0432 
+20.1205 +18.9317 +0.0421 
+0.5204 +17.2060 +0.1117 
+2.4804 +17.2065 +0.1138 
+4.4398 +17.2066 +0.1147 
+6.4003 +17.2063 +0.1154 
+8.3605 +17.2065 +0.1160 
+10.3212 +17.2068 +0.1171 
+12.2806 +17.2065 +0.1180 
+14.2395 +17.2065 +0.1162 
+16.1999 +17.2066 +0.1117 
+18.1604 +17.2066 +0.1092 
+20.1202 +17.2066 +0.1116 
+0.5209 +15.4806 +0.1507 
+2.4806 +15.4814 +0.1539 
+4.4415 +15.4818 +0.1551 
+6.4001 +15.4813 +0.1563 
+8.3607 +15.4816 +0.1571 
+10.3208 +15.4814 +0.1591 
+12.2803 +15.4817 +0.1606 
+14.2399 +15.4815 +0.1589 
+16.2003 +15.4815 +0.1557 
+18.1605 +15.4815 +0.1521 
+20.1195 +15.4815 +0.1487 
+0.5206 +13.7559 +0.1648 
+2.4806 +13.7561 +0.1698 
+4.4397 +13.7562 +0.1715 
+6.4006 +13.7564 +0.1728 
+8.3605 +13.7564 +0.1728 
+10.3205 +13.7563 +0.1714 
+12.2803 +13.7565 +0.1716 
+14.2393 +13.7567 +0.1708 
+16.2004 +13.7563 +0.1724 
+18.1606 +13.7562 +0.1691 
+20.1201 +13.7567 +0.1574 
+0.5200 +12.0310 +0.1596 
+2.4806 +12.0312 +0.1685 
+4.4406 +12.0313 +0.1682 
+6.4008 +12.0315 +0.1694 
+8.3604 +12.0317 +0.1687 
+10.3203 +12.0311 +0.1650 
+12.2800 +12.0319 +0.1639 
+14.2406 +12.0313 +0.1653 
+16.2002 +12.0314 +0.1723 
+18.1601 +12.0316 +0.1687 
+20.1207 +12.0314 +0.1544 
+0.5210 +10.3068 +0.1423 
+2.4811 +10.3064 +0.1527 
+4.4407 +10.3070 +0.1496 
+6.4001 +10.3065 +0.1497 
+8.3602 +10.3070 +0.1501 
+10.3207 +10.3062 +0.1468 
+12.2808 +10.3067 +0.1464 
+14.2404 +10.3066 +0.1469 
+16.2007 +10.3066 +0.1547 
+18.1592 +10.3067 +0.1524 
+20.1207 +10.3067 +0.1391 
+0.5205 +8.5815 +0.1107 
+2.4804 +8.5818 +0.1208 
+4.4407 +8.5816 +0.1152 
+6.4003 +8.5817 +0.1136 
+8.3604 +8.5815 +0.1129 
+10.3209 +8.5820 +0.1083 
+12.2804 +8.5814 +0.1086 
+14.2402 +8.5819 +0.1088 
+16.2009 +8.5816 +0.1175 
+18.1604 +8.5822 +0.1163 
+20.1201 +8.5812 +0.1048 
+0.5206 +6.8558 +0.0592 
+2.4807 +6.8573 +0.0669 
+4.4404 +6.8575 +0.0621 
+6.4004 +6.8561 +0.0598 
+8.3608 +6.8567 +0.0588 
+10.3202 +6.8565 +0.0546 
+12.2804 +6.8568 +0.0554 
+14.2385 +6.8567 +0.0554 
+16.2007 +6.8569 +0.0624 
+18.1604 +6.8564 +0.0624 
+20.1204 +6.8567 +0.0534 
+0.5210 +5.1312 -0.0104 
+2.4803 +5.1313 -0.0041 
+4.4413 +5.1311 -0.0062 
+6.4000 +5.1321 -0.0095 
+8.3596 +5.1317 -0.0117 
+10.3202 +5.1312 -0.0141 
+12.2800 +5.1324 -0.0141 
+14.2403 +5.1316 -0.0112 
+16.2003 +5.1315 -0.0053 
+18.1608 +5.1318 -0.0038 
+20.1205 +5.1323 -0.0087 
+0.5211 +3.4069 -0.0855 
+2.4802 +3.4070 -0.0794 
+4.4405 +3.4066 -0.0801 
+6.4009 +3.4066 -0.0835 
+8.3597 +3.4065 -0.0861 
+10.3204 +3.4066 -0.0868 
+12.2802 +3.4066 -0.0862 
+14.2407 +3.4066 -0.0830 
+16.2006 +3.4069 -0.0783 
+18.1605 +3.4067 -0.0752 
+20.1202 +3.4069 -0.0784 

+0.5202 +22.3811 -0.0978 
+2.4802 +22.3804 -0.0987 
+4.4401 +22.3808 -0.1019 
+6.4002 +22.3809 -0.1045 
+8.3602 +22.3809 -0.1041 
+10.3203 +22.3809 -0.1073 
+12.2803 +22.3808 -0.1102 
+14.2402 +22.3809 -0.1110 
+16.2002 +22.3808 -0.1138 
+18.1603 +22.3808 -0.1164 
+20.1202 +22.3809 -0.1176 
+0.5198 +20.6566 -0.0162 
+2.4797 +20.6570 -0.0167 
+4.4398 +20.6571 -0.0205 
+6.3997 +20.6571 -0.0222 
+8.3597 +20.6572 -0.0248 
+10.3198 +20.6567 -0.0279 
+12.2798 +20.6571 -0.0298 
+14.2398 +20.6570 -0.0321 
+16.1998 +20.6570 -0.0340 
+18.1598 +20.6569 -0.0359 
+20.1199 +20.6568 -0.0415 
+0.5194 +18.9324 +0.0592 
+2.4794 +18.9326 +0.0571 
+4.4394 +18.9332 +0.0539 
+6.3994 +18.9331 +0.0507 
+8.3593 +18.9322 +0.0482 
+10.3194 +18.9324 +0.0465 
+12.2794 +18.9330 +0.0441 
+14.2395 +18.9324 +0.0420 
+16.1994 +18.9324 +0.0420 
+18.1594 +18.9330 +0.0394 
+20.1194 +18.9330 +0.0342 
+0.5190 +17.2082 +0.1221 
+2.4791 +17.2083 +0.1224 
+4.4392 +17.2083 +0.1175 
+6.3993 +17.2082 +0.1137 
+8.3590 +17.2082 +0.1109 
+10.3191 +17.2082 +0.1068 
+12.2790 +17.2088 +0.1053 
+14.2391 +17.2088 +0.1050 
+16.1989 +17.2086 +0.1043 
+18.1592 +17.2075 +0.1046 
+20.1190 +17.2089 +0.1025 
+0.5187 +15.4837 +0.1634 
+2.4789 +15.4836 +0.1624 
+4.4389 +15.4831 +0.1586 
+6.3989 +15.4834 +0.1545 
+8.3590 +15.4837 +0.1498 
+10.3188 +15.4846 +0.1459 
+12.2789 +15.4845 +0.1450 
+14.2388 +15.4845 +0.1451 
+16.1989 +15.4844 +0.1462 
+18.1590 +15.4833 +0.1482 
+20.1189 +15.4844 +0.1445 
+0.5187 +13.7588 +0.1721 
+2.4786 +13.7599 +0.1779 
+4.4387 +13.7600 +0.1765 
+6.3988 +13.7597 +0.1711 
+8.3586 +13.7599 +0.1651 
+10.3188 +13.7598 +0.1618 
+12.2787 +13.7598 +0.1606 
+14.2388 +13.7596 +0.1605 
+16.1990 +13.7586 +0.1675 
+18.1588 +13.7588 +0.1681 
+20.1187 +13.7596 +0.1617 
+0.5188 +12.0339 +0.1606 
+2.4785 +12.0347 +0.1721 
+4.4386 +12.0350 +0.1744 
+6.3987 +12.0348 +0.1679 
+8.3587 +12.0347 +0.1615 
+10.3188 +12.0347 +0.1573 
+12.2788 +12.0335 +0.1567 
+14.2388 +12.0338 +0.1597 
+16.1990 +12.0334 +0.1691 
+18.1588 +12.0348 +0.1695 
+20.1187 +12.0348 +0.1603 
+0.5188 +10.3085 +0.1346 
+2.4788 +10.3086 +0.1484 
+4.4388 +10.3096 +0.1507 
+6.3989 +10.3085 +0.1478 
+8.3589 +10.3095 +0.1413 
+10.3188 +10.3094 +0.1367 
+12.2789 +10.3094 +0.1368 
+14.2390 +10.3083 +0.1393 
+16.1990 +10.3084 +0.1496 
+18.1587 +10.3096 +0.1528 
+20.1189 +10.3089 +0.1444 
+0.5190 +8.5829 +0.0956 
+2.4790 +8.5835 +0.1089 
+4.4389 +8.5834 +0.1124 
+6.3991 +8.5834 +0.1097 
+8.3590 +8.5830 +0.1042 
+10.3191 +8.5831 +0.0999 
+12.2790 +8.5830 +0.1007 
+14.2391 +8.5831 +0.1022 
+16.1991 +8.5829 +0.1137 
+18.1589 +8.5835 +0.1191 
+20.1190 +8.5827 +0.1133 
+0.5193 +6.8577 +0.0383 
+2.4794 +6.8579 +0.0521 
+4.4392 +6.8583 +0.0563 
+6.3992 +6.8579 +0.0536 
+8.3594 +6.8576 +0.0498 
+10.3195 +6.8577 +0.0457 
+12.2792 +6.8584 +0.0462 
+14.2393 +6.8585 +0.0495 
+16.1992 +6.8586 +0.0608 
+18.1591 +6.8587 +0.0653 
+20.1191 +6.8586 +0.0622 
+0.5197 +5.1317 -0.0285 
+2.4796 +5.1325 -0.0167 
+4.4396 +5.1325 -0.0134 
+6.3996 +5.1326 -0.0138 
+8.3597 +5.1321 -0.0165 
+10.3197 +5.1320 -0.0178 
+12.2795 +5.1319 -0.0158 
+14.2395 +5.1326 -0.0122 
+16.1997 +5.1322 -0.0039 
+18.1596 +5.1328 +0.0003 
+20.1196 +5.1327 -0.0038 
+0.5200 +3.4059 -0.1005 
+2.4799 +3.4064 -0.0892 
+4.4400 +3.4064 -0.0846 
+6.4000 +3.4066 -0.0848 
+8.3599 +3.4063 -0.0862 
+10.3199 +3.4065 -0.0862 
+12.2799 +3.4064 -0.0841 
+14.2399 +3.4068 -0.0796 
+16.1998 +3.4068 -0.0733 
+18.1598 +3.4070 -0.0716 
+20.1198 +3.4068 -0.0758 

+0.5200 +22.3810 -0.0963 
+2.4803 +22.3819 -0.0983 
+4.4404 +22.3817 -0.0975 
+6.4007 +22.3818 -0.1029 
+8.3603 +22.3820 -0.1038 
+10.3202 +22.3821 -0.1069 
+12.2803 +22.3819 -0.1093 
+14.2400 +22.3821 -0.1111 
+16.1998 +22.3820 -0.1138 
+18.1600 +22.3817 -0.1139 
+20.1205 +22.3820 -0.1187 
+0.5208 +20.6561 -0.0085 
+2.4809 +20.6568 -0.0170 
+4.4408 +20.6567 -0.0199 
+6.3999 +20.6567 -0.0224 
+8.3605 +20.6566 -0.0247 
+10.3207 +20.6567 -0.0272 
+12.2801 +20.6568 -0.0297 
+14.2402 +20.6568 -0.0314 
+16.2011 +20.6566 -0.0301 
+18.1606 +20.6567 -0.0336 
+20.1205 +20.6568 -0.0409 
+0.5208 +18.9311 +0.0600 
+2.4806 +18.9314 +0.0578 
+4.4406 +18.9318 +0.0545 
+6.4004 +18.9316 +0.0511 
+8.3605 +18.9314 +0.0480 
+10.3204 +18.9317 +0.0453 
+12.2804 +18.9315 +0.0433 
+14.2405 +18.9316 +0.0414 
+16.2008 +18.9317 +0.0401 
+18.1604 +18.9317 +0.0383 
+20.1204 +18.9316 +0.0331 
+0.5211 +17.2061 +0.1203 
+2.4809 +17.2066 +0.1222 
+4.4407 +17.2065 +0.1142 
+6.4003 +17.2068 +0.1102 
+8.3608 +17.2063 +0.1068 
+10.3204 +17.2064 +0.1041 
+12.2807 +17.2067 +0.1024 
+14.2404 +17.2065 +0.1016 
+16.1998 +17.2065 +0.1013 
+18.1602 +17.2065 +0.1010 
+20.1201 +17.2066 +0.0977 
+0.5204 +15.4810 +0.1586 
+2.4806 +15.4813 +0.1581 
+4.4407 +15.4814 +0.1539 
+6.4000 +15.4816 +0.1486 
+8.3608 +15.4814 +0.1442 
+10.3204 +15.4814 +0.1417 
+12.2803 +15.4813 +0.1399 
+14.2403 +15.4814 +0.1408 
+16.2000 +15.4816 +0.1423 
+18.1605 +15.4812 +0.1428 
+20.1204 +15.4813 +0.1392 
+0.5206 +13.7557 +0.1693 
+2.4806 +13.7565 +0.1738 
+4.4409 +13.7562 +0.1717 
+6.3999 +13.7564 +0.1657 
+8.3604 +13.7562 +0.1617 
+10.3207 +13.7565 +0.1574 
+12.2803 +13.7565 +0.1554 
+14.2412 +13.7563 +0.1576 
+16.2005 +13.7562 +0.1635 
+18.1607 +13.7561 +0.1628 
+20.1205 +13.7559 +0.1560 
+0.5210 +12.0308 +0.1612 
+2.4803 +12.0314 +0.1702 
+4.4408 +12.0313 +0.1702 
+6.4006 +12.0312 +0.1645 
+8.3599 +12.0314 +0.1578 
+10.3205 +12.0314 +0.1559 
+12.2804 +12.0316 +0.1539 
+14.2404 +12.0316 +0.1572 
+16.2006 +12.0314 +0.1666 
+18.1607 +12.0316 +0.1649 
+20.1205 +12.0313 +0.1553 
+0.5201 +10.3059 +0.1377 
+2.4809 +10.3063 +0.1505 
+4.4409 +10.3064 +0.1512 
+6.4004 +10.3067 +0.1465 
+8.3603 +10.3064 +0.1398 
+10.3208 +10.3063 +0.1357 
+12.2806 +10.3062 +0.1355 
+14.2407 +10.3065 +0.1397 
+16.2005 +10.3064 +0.1499 
+18.1605 +10.3062 +0.1506 
+20.1202 +10.3063 +0.1413 
+0.5208 +8.5811 +0.1011 
+2.4805 +8.5815 +0.1131 
+4.4405 +8.5813 +0.1149 
+6.4001 +8.5814 +0.1116 
+8.3605 +8.5815 +0.1057 
+10.3200 +8.5817 +0.1019 
+12.2803 +8.5815 +0.1020 
+14.2412 +8.5814 +0.1060 
+16.2006 +8.5814 +0.1175 
+18.1609 +8.5815 +0.1213 
+20.1205 +8.5820 +0.1139 
+0.5207 +6.8560 +0.0467 
+2.4803 +6.8563 +0.0592 
+4.4407 +6.8566 +0.0612 
+6.3999 +6.8567 +0.0593 
+8.3592 +6.8566 +0.0544 
+10.3208 +6.8565 +0.0512 
+12.2806 +6.8567 +0.0523 
+14.2404 +6.8566 +0.0566 
+16.2006 +6.8567 +0.0675 
+18.1601 +6.8564 +0.0710 
+20.1203 +6.8560 +0.0669 
+0.5209 +5.1314 -0.0190 
+2.4805 +5.1312 -0.0082 
+4.4413 +5.1316 -0.0058 
+6.4001 +5.1313 -0.0072 
+8.3602 +5.1314 +0.0024 
+10.3208 +5.1319 -0.0034 
+12.2806 +5.1318 -0.0072 
+14.2406 +5.1318 -0.0035 
+16.2005 +5.1317 +0.0043 
+18.1603 +5.1313 +0.0065 
+20.1206 +5.1316 +0.0019 
+0.5212 +3.4062 -0.0916 
+2.4803 +3.4069 -0.0809 
+4.4409 +3.4065 -0.0776 
+6.4005 +3.4065 -0.0779 
+8.3607 +3.4068 -0.0798 
+10.3205 +3.4067 -0.0796 
+12.2808 +3.4065 -0.0773 
+14.2403 +3.4064 -0.0628 
+16.2006 +3.4070 -0.0638 
+18.1603 +3.4070 -0.0622 
+20.1204 +3.4070 -0.0686 

+0.5401 +22.3994 -0.1006 
+2.5001 +22.3976 -0.1013 
+4.4600 +22.3960 -0.1027 
+6.4201 +22.3941 -0.1021 
+8.3802 +22.3924 -0.1051 
+10.3401 +22.3906 -0.1084 
+12.3002 +22.3889 -0.1081 
+14.2601 +22.3872 -0.1112 
+16.2202 +22.3854 -0.1144 
+18.1801 +22.3838 -0.1149 
+20.1402 +22.3820 -0.1181 
+0.5379 +20.6747 -0.0219 
+2.4982 +20.6736 -0.0230 
+4.4581 +20.6718 -0.0249 
+6.4181 +20.6701 -0.0275 
+8.3782 +20.6683 -0.0291 
+10.3381 +20.6667 -0.0296 
+12.2982 +20.6648 -0.0299 
+14.2581 +20.6632 -0.0308 
+16.2181 +20.6614 -0.0332 
+18.1781 +20.6596 -0.0332 
+20.1382 +20.6578 -0.0354 
+0.5361 +18.9505 +0.0514 
+2.4960 +18.9494 +0.0533 
+4.4562 +18.9477 +0.0498 
+6.4161 +18.9459 +0.0473 
+8.3761 +18.9442 +0.0462 
+10.3361 +18.9425 +0.0439 
+12.2962 +18.9408 +0.0433 
+14.2562 +18.9390 +0.0404 
+16.2161 +18.9373 +0.0410 
+18.1761 +18.9354 +0.0419 
+20.1364 +18.9330 +0.0418 
+0.5342 +17.2260 +0.1168 
+2.4942 +17.2248 +0.1166 
+4.4543 +17.2235 +0.1129 
+6.4142 +17.2216 +0.1099 
+8.3743 +17.2199 +0.1065 
+10.3343 +17.2182 +0.1067 
+12.2942 +17.2165 +0.1041 
+14.2543 +17.2146 +0.1026 
+16.2142 +17.2129 +0.1025 
+18.1742 +17.2112 +0.1061 
+20.1343 +17.2095 +0.1055 
+0.5325 +15.5013 +0.1529 
+2.4923 +15.5005 +0.1567 
+4.4525 +15.4989 +0.1567 
+6.4124 +15.4971 +0.1527 
+8.3724 +15.4952 +0.1462 
+10.3326 +15.4936 +0.1448 
+12.2926 +15.4910 +0.1466 
+14.2524 +15.4902 +0.1457 
+16.2125 +15.4885 +0.1444 
+18.1724 +15.4868 +0.1456 
+20.1325 +15.4850 +0.1414 
+0.5307 +13.7766 +0.1633 
+2.4907 +13.7758 +0.1750 
+4.4509 +13.7742 +0.1734 
+6.4109 +13.7725 +0.1745 
+8.3707 +13.7706 +0.1698 
+10.3308 +13.7689 +0.1676 
+12.2908 +13.7671 +0.1694 
+14.2508 +13.7654 +0.1702 
+16.2108 +13.7638 +0.1711 
+18.1708 +13.7620 +0.1719 
+20.1308 +13.7602 +0.1637 
+0.5293 +12.0516 +0.1575 
+2.4893 +12.0509 +0.1744 
+4.4492 +12.0492 +0.1713 
+6.4092 +12.0472 +0.1708 
+8.3692 +12.0456 +0.1718 
+10.3292 +12.0440 +0.1659 
+12.2893 +12.0423 +0.1655 
+14.2492 +12.0405 +0.1679 
+16.2092 +12.0389 +0.1756 
+18.1692 +12.0370 +0.1770 
+20.1291 +12.0353 +0.1653 
+0.5278 +10.3262 +0.1381 
+2.4878 +10.3258 +0.1579 
+4.4478 +10.3240 +0.1525 
+6.4078 +10.3222 +0.1533 
+8.3679 +10.3193 +0.1563 
+10.3278 +10.3188 +0.1484 
+12.2879 +10.3170 +0.1493 
+14.2477 +10.3153 +0.1500 
+16.2077 +10.3136 +0.1588 
+18.1678 +10.3120 +0.1600 
+20.1277 +10.3100 +0.1485 
+0.5264 +8.6010 +0.1037 
+2.4865 +8.6004 +0.1243 
+4.4464 +8.5986 +0.1196 
+6.4064 +8.5969 +0.1199 
+8.3666 +8.5942 +0.1231 
+10.3264 +8.5933 +0.1163 
+12.2865 +8.5917 +0.1153 
+14.2464 +8.5892 +0.1166 
+16.2064 +8.5883 +0.1232 
+18.1665 +8.5866 +0.1242 
+20.1264 +8.5847 +0.1123 
+0.5254 +6.8757 +0.0488 
+2.4853 +6.8748 +0.0684 
+4.4453 +6.8732 +0.0666 
+6.4052 +6.8712 +0.0654 
+8.3652 +6.8697 +0.0685 
+10.3252 +6.8679 +0.0612 
+12.2854 +6.8654 +0.0606 
+14.2453 +6.8643 +0.0601 
+16.2053 +6.8623 +0.0656 
+18.1652 +6.8610 +0.0677 
+20.1253 +6.8591 +0.0583 
+0.5242 +5.1501 -0.0212 
+2.4841 +5.1490 -0.0026 
+4.4442 +5.1474 -0.0021 
+6.4041 +5.1457 -0.0041 
+8.3640 +5.1439 -0.0049 
+10.3243 +5.1422 -0.0087 
+12.2841 +5.1399 -0.0110 
+14.2442 +5.1386 -0.0111 
+16.2041 +5.1370 -0.0078 
+18.1641 +5.1353 -0.0055 
+20.1242 +5.1335 -0.0114 
+0.5232 +3.4244 -0.0994 
+2.4830 +3.4231 -0.0810 
+4.4430 +3.4214 -0.0755 
+6.4030 +3.4196 -0.0783 
+8.3631 +3.4179 -0.0817 
+10.3229 +3.4163 -0.0840 
+12.2830 +3.4144 -0.0861 
+14.2431 +3.4130 -0.0872 
+16.2030 +3.4111 -0.0842 
+18.1630 +3.4095 -0.0815 
+20.1230 +3.4077 -0.0872 

+0.5403 +22.3992 -0.0932 
+2.4992 +22.3980 -0.1004 
+4.4604 +22.3963 -0.1023 
+6.4203 +22.3947 -0.1030 
+8.3803 +22.3933 -0.1060 
+10.3402 +22.3913 -0.0995 
+12.3001 +22.3896 -0.1071 
+14.2605 +22.3879 -0.1088 
+16.2203 +22.3861 -0.1139 
+18.1795 +22.3846 -0.1141 
+20.1399 +22.3829 -0.1176 
+0.5395 +20.6747 -0.0218 
+2.4982 +20.6728 -0.0220 
+4.4589 +20.6716 -0.0248 
+6.4186 +20.6699 -0.0274 
+8.3791 +20.6675 -0.0293 
+10.3381 +20.6665 -0.0303 
+12.2988 +20.6642 -0.0310 
+14.2583 +20.6629 -0.0327 
+16.2188 +20.6609 -0.0332 
+18.1776 +20.6593 -0.0326 
+20.1390 +20.6575 -0.0360 
+0.5370 +18.9494 +0.0514 
+2.4976 +18.9481 +0.0523 
+4.4570 +18.9464 +0.0485 
+6.4171 +18.9448 +0.0449 
+8.3776 +18.9427 +0.0438 
+10.3374 +18.9409 +0.0433 
+12.2973 +18.9391 +0.0412 
+14.2565 +18.9376 +0.0401 
+16.2175 +18.9361 +0.0406 
+18.1775 +18.9341 +0.0422 
+20.1371 +18.9323 +0.0401 
+0.5361 +17.2245 +0.1123 
+2.4956 +17.2235 +0.1134 
+4.4557 +17.2211 +0.1102 
+6.4154 +17.2196 +0.1055 
+8.3760 +17.2176 +0.1036 
+10.3361 +17.2161 +0.1031 
+12.2953 +17.2145 +0.1006 
+14.2555 +17.2127 +0.0990 
+16.2164 +17.2106 +0.0997 
+18.1756 +17.2089 +0.1019 
+20.1353 +17.2072 +0.0998 
+0.5348 +15.4991 +0.1474 
+2.4944 +15.4978 +0.1522 
+4.4542 +15.4964 +0.1515 
+6.4142 +15.4943 +0.1477 
+8.3733 +15.4925 +0.1409 
+10.3330 +15.4909 +0.1406 
+12.2941 +15.4893 +0.1406 
+14.2543 +15.4874 +0.1398 
+16.2140 +15.4858 +0.1397 
+18.1744 +15.4839 +0.1398 
+20.1341 +15.4822 +0.1357 
+0.5331 +13.7741 +0.1601 
+2.4921 +13.7729 +0.1708 
+4.4526 +13.7712 +0.1681 
+6.4132 +13.7694 +0.1697 
+8.3731 +13.7677 +0.1644 
+10.3330 +13.7654 +0.1626 
+12.2930 +13.7639 +0.1644 
+14.2528 +13.7626 +0.1643 
+16.2128 +13.7604 +0.1666 
+18.1726 +13.7590 +0.1649 
+20.1329 +13.7567 +0.1579 
+0.5303 +12.0489 +0.1571 
+2.4911 +12.0479 +0.1715 
+4.4513 +12.0458 +0.1665 
+6.4108 +12.0446 +0.1681 
+8.3714 +12.0427 +0.1669 
+10.3302 +12.0408 +0.1615 
+12.2909 +12.0393 +0.1624 
+14.2514 +12.0372 +0.1644 
+16.2113 +12.0356 +0.1722 
+18.1707 +12.0341 +0.1713 
+20.1309 +12.0322 +0.1597 
+0.5295 +10.3244 +0.1408 
+2.4901 +10.3227 +0.1564 
+4.4499 +10.3210 +0.1501 
+6.4097 +10.3194 +0.1529 
+8.3698 +10.3174 +0.1527 
+10.3294 +10.3159 +0.1460 
+12.2894 +10.3141 +0.1467 
+14.2498 +10.3123 +0.1485 
+16.2093 +10.3105 +0.1610 
+18.1699 +10.3093 +0.1575 
+20.1297 +10.3073 +0.1486 
+0.5290 +8.5995 +0.1100 
+2.4882 +8.5979 +0.1262 
+4.4457 +8.5960 +0.1198 
+6.4081 +8.5945 +0.1226 
+8.3679 +8.5928 +0.1231 
+10.3282 +8.5912 +0.1167 
+12.2864 +8.5892 +0.1170 
+14.2488 +8.5877 +0.1180 
+16.2081 +8.5859 +0.1262 
+18.1677 +8.5839 +0.1240 
+20.1278 +8.5821 +0.1110 
+0.5267 +6.8740 +0.0575 
+2.4868 +6.8730 +0.0748 
+4.4451 +6.8710 +0.0704 
+6.4069 +6.8692 +0.0717 
+8.3667 +6.8679 +0.0715 
+10.3265 +6.8660 +0.0661 
+12.2869 +6.8647 +0.0657 
+14.2462 +6.8626 +0.0657 
+16.2056 +6.8608 +0.0727 
+18.1674 +6.8593 +0.0718 
+20.1265 +6.8579 +0.0618 
+0.5252 +5.1494 -0.0107 
+2.4849 +5.1482 +0.0064 
+4.4453 +5.1461 +0.0038 
+6.4050 +5.1442 +0.0030 
+8.3651 +5.1429 +0.0022 
+10.3255 +5.1412 -0.0016 
+12.2849 +5.1392 -0.0034 
+14.2447 +5.1379 -0.0032 
+16.2046 +5.1357 +0.0014 
+18.1654 +5.1343 +0.0019 
+20.1248 +5.1329 -0.0062 
+0.5237 +3.4245 -0.0871 
+2.4834 +3.4227 -0.0716 
+4.4440 +3.4212 -0.0668 
+6.4034 +3.4197 -0.0710 
+8.3642 +3.4183 -0.0741 
+10.3235 +3.4160 -0.0680 
+12.2836 +3.4145 -0.0734 
+14.2437 +3.4129 -0.0771 
+16.2037 +3.4111 -0.0743 
+18.1630 +3.4091 -0.0739 
+20.1231 +3.4073 -0.0805 

+0.5460 +22.3813 +0.0135 
+2.5060 +22.3812 +0.0130 
+4.4660 +22.3812 +0.0125 
+6.4260 +22.3811 +0.0119 
+8.3860 +22.3810 +0.0114 
+10.3460 +22.3809 +0.0109 
+12.3060 +22.3809 +0.0104 
+14.2660 +22.3808 +0.0099 
+16.2260 +22.3807 +0.0094 
+18.1860 +22.3807 +0.0089 
+20.1460 +22.3806 +0.0083 
+0.5460 +20.6563 +0.0106 
+2.5060 +20.6562 +0.0101 
+4.4660 +20.6562 +0.0096 
+6.4260 +20.6561 +0.0091 
+8.3860 +20.6560 +0.0085 
+10.3460 +20.6560 +0.0080 
+12.3060 +20.6559 +0.0075 
+14.2660 +20.6558 +0.0070 
+16.2260 +20.6557 +0.0065 
+18.1860 +20.6557 +0.0060 
+20.1460 +20.6556 +0.0055 
+0.5459 +18.9313 +0.0077 
+2.5059 +18.9312 +0.0072 
+4.4659 +18.9312 +0.0067 
+6.4259 +18.9311 +0.0062 
+8.3859 +18.9310 +0.0057 
+10.3459 +18.9310 +0.0052 
+12.3059 +18.9309 +0.0046 
+14.2659 +18.9308 +0.0041 
+16.2259 +18.9307 +0.0036 
+18.1859 +18.9307 +0.0031 
+20.1459 +18.9306 +0.0026 
+0.5459 +17.2063 +0.0049 
+2.5059 +17.2062 +0.0043 
+4.4659 +17.2062 +0.0038 
+6.4259 +17.2061 +0.0033 
+8.3859 +17.2060 +0.0028 
+10.3459 +17.2060 +0.0023 
+12.3059 +17.2059 +0.0018 
+14.2659 +17.2058 +0.0013 
+16.2259 +17.2057 +0.0007 
+18.1859 +17.2057 +0.0002 
+20.1459 +17.2056 -0.0003 
+0.5458 +15.4813 +0.0020 
+2.5058 +15.4812 +0.0015 
+4.4658 +15.4812 +0.0009 
+6.4258 +15.4811 +0.0004 
+8.3858 +15.4810 -0.0001 
+10.3458 +15.4810 -0.0006 
+12.3058 +15.4809 -0.0011 
+14.2658 +15.4808 -0.0016 
+16.2258 +15.4807 -0.0021 
+18.1858 +15.4807 -0.0026 
+20.1458 +15.4806 -0.0032 
+0.5457 +13.7563 -0.0009 
+2.5057 +13.7562 -0.0014 
+4.4657 +13.7562 -0.0019 
+6.4257 +13.7561 -0.0024 
+8.3857 +13.7560 -0.0030 
+10.3457 +13.7560 -0.0035 
+12.3057 +13.7559 -0.0040 
+14.2657 +13.7558 -0.0045 
+16.2257 +13.7557 -0.0050 
+18.1857 +13.7557 -0.0055 
+20.1457 +13.7556 -0.0060 
+0.5457 +12.0313 -0.0038 
+2.5057 +12.0312 -0.0043 
+4.4657 +12.0312 -0.0048 
+6.4257 +12.0311 -0.0053 
+8.3857 +12.0310 -0.0058 
+10.3457 +12.0310 -0.0063 
+12.3057 +12.0309 -0.0069 
+14.2657 +12.0308 -0.0074 
+16.2257 +12.0307 -0.0079 
+18.1857 +12.0307 -0.0084 
+20.1457 +12.0306 -0.0089 
+0.5456 +10.3063 -0.0067 
+2.5056 +10.3063 -0.0072 
+4.4656 +10.3062 -0.0077 
+6.4256 +10.3061 -0.0082 
+8.3856 +10.3060 -0.0087 
+10.3456 +10.3060 -0.0092 
+12.3056 +10.3059 -0.0097 
+14.2656 +10.3058 -0.0102 
+16.2256 +10.3058 -0.0108 
+18.1856 +10.3057 -0.0113 
+20.1456 +10.3056 -0.0118 
+0.5455 +8.5813 -0.0095 
+2.5055 +8.5813 -0.0100 
+4.4655 +8.5812 -0.0106 
+6.4255 +8.5811 -0.0111 
+8.3855 +8.5810 -0.0116 
+10.3455 +8.5810 -0.0121 
+12.3055 +8.5809 -0.0126 
+14.2655 +8.5808 -0.0131 
+16.2255 +8.5808 -0.0136 
+18.1855 +8.5807 -0.0142 
+20.1455 +8.5806 -0.0147 
+0.5455 +6.8563 -0.0124 
+2.5055 +6.8563 -0.0129 
+4.4655 +6.8562 -0.0134 
+6.4255 +6.8561 -0.0139 
+8.3855 +6.8560 -0.0145 
+10.3455 +6.8560 -0.0150 
+12.3055 +6.8559 -0.0155 
+14.2655 +6.8558 -0.0160 
+16.2255 +6.8558 -0.0165 
+18.1855 +6.8557 -0.0170 
+20.1455 +6.8556 -0.0175 
+0.5454 +5.1313 -0.0153 
+2.5054 +5.1313 -0.0158 
+4.4654 +5.1312 -0.0163 
+6.4254 +5.1311 -0.0168 
+8.3854 +5.1310 -0.0173 
+10.3454 +5.1310 -0.0178 
+12.3054 +5.1309 -0.0184 
+14.2654 +5.1308 -0.0189 
+16.2254 +5.1308 -0.0194 
+18.1854 +5.1307 -0.0199 
+20.1454 +5.1306 -0.0204 
+0.5453 +3.4063 -0.0182 
+2.5053 +3.4063 -0.0187 
+4.4653 +3.4062 -0.0192 
+6.4253 +3.4061 -0.0197 
+8.3853 +3.4060 -0.0202 
+10.3453 +3.4060 -0.0207 
+12.3053 +3.4059 -0.0212 
+14.2653 +3.4058 -0.0218 
+16.2253 +3.4058 -0.0223 
+18.1853 +3.4057 -0.0228 
+20.1453 +3.4056 -0.0233 

+0.5468 +22.3803 +0.0135 
+2.5068 +22.3802 +0.0130 
+4.4668 +22.3802 +0.0125 
+6.4268 +22.3801 +0.0119 
+8.3868 +22.3800 +0.0114 
+10.3468 +22.3799 +0.0109 
+12.3068 +22.3799 +0.0104 
+14.2668 +22.3798 +0.0099 
+16.2268 +22.3797 +0.0094 
+18.1868 +22.3797 +0.0089 
+20.1468 +22.3796 +0.0083 
+0.5467 +20.6553 +0.0106 
+2.5067 +20.6552 +0.0101 
+4.4667 +20.6552 +0.0096 
+6.4267 +20.6551 +0.0091 
+8.3867 +20.6550 +0.0085 
+10.3467 +20.6550 +0.0080 
+12.3067 +20.6549 +0.0075 
+14.2667 +20.6548 +0.0070 
+16.2267 +20.6547 +0.0065 
+18.1867 +20.6547 +0.0060 
+20.1467 +20.6546 +0.0055 
+0.5467 +18.9303 +0.0077 
+2.5067 +18.9302 +0.0072 
+4.4667 +18.9302 +0.0067 
+6.4267 +18.9301 +0.0062 
+8.3867 +18.9300 +0.0057 
+10.3467 +18.9300 +0.0052 
+12.3067 +18.9299 +0.0046 
+14.2667 +18.9298 +0.0041 
+16.2267 +18.9297 +0.0036 
+18.1867 +18.9297 +0.0031 
+20.1467 +18.9296 +0.0026 
+0.5466 +17.2053 +0.0048 
+2.5066 +17.2052 +0.0043 
+4.4666 +17.2052 +0.0038 
+6.4266 +17.2051 +0.0033 
+8.3866 +17.2050 +0.0028 
+10.3466 +17.2050 +0.0023 
+12.3066 +17.2049 +0.0018 
+14.2666 +17.2048 +0.0013 
+16.2266 +17.2047 +0.0007 
+18.1866 +17.2047 +0.0002 
+20.1466 +17.2046 -0.0003 
+0.5466 +15.4803 +0.0020 
+2.5066 +15.4802 +0.0015 
+4.4666 +15.4802 +0.0009 
+6.4266 +15.4801 +0.0004 
+8.3866 +15.4800 -0.0001 
+10.3466 +15.4800 -0.0006 
+12.3066 +15.4799 -0.0011 
+14.2666 +15.4798 -0.0016 
+16.2266 +15.4797 -0.0021 
+18.1866 +15.4797 -0.0026 
+20.1466 +15.4796 -0.0032 
+0.5465 +13.7553 -0.0009 
+2.5065 +13.7552 -0.0014 
+4.4665 +13.7552 -0.0019 
+6.4265 +13.7551 -0.0024 
+8.3865 +13.7550 -0.0030 
+10.3465 +13.7550 -0.0035 
+12.3065 +13.7549 -0.0040 
+14.2665 +13.7548 -0.0045 
+16.2265 +13.7547 -0.0050 
+18.1865 +13.7547 -0.0055 
+20.1465 +13.7546 -0.0060 
+0.5464 +12.0303 -0.0038 
+2.5064 +12.0302 -0.0043 
+4.4664 +12.0302 -0.0048 
+6.4264 +12.0301 -0.0053 
+8.3864 +12.0300 -0.0058 
+10.3464 +12.0300 -0.0063 
+12.3064 +12.0299 -0.0069 
+14.2664 +12.0298 -0.0074 
+16.2264 +12.0297 -0.0079 
+18.1864 +12.0297 -0.0084 
+20.1464 +12.0296 -0.0089 
+0.5464 +10.3053 -0.0067 
+2.5064 +10.3053 -0.0072 
+4.4664 +10.3052 -0.0077 
+6.4264 +10.3051 -0.0082 
+8.3864 +10.3050 -0.0087 
+10.3464 +10.3050 -0.0092 
+12.3064 +10.3049 -0.0097 
+14.2664 +10.3048 -0.0103 
+16.2264 +10.3048 -0.0108 
+18.1864 +10.3047 -0.0113 
+20.1464 +10.3046 -0.0118 
+0.5463 +8.5803 -0.0095 
+2.5063 +8.5803 -0.0100 
+4.4663 +8.5802 -0.0106 
+6.4263 +8.5801 -0.0111 
+8.3863 +8.5800 -0.0116 
+10.3463 +8.5800 -0.0121 
+12.3063 +8.5799 -0.0126 
+14.2663 +8.5798 -0.0131 
+16.2263 +8.5798 -0.0136 
+18.1863 +8.5797 -0.0142 
+20.1463 +8.5796 -0.0147 
+0.5462 +6.8553 -0.0124 
+2.5062 +6.8553 -0.0129 
+4.4662 +6.8552 -0.0134 
+6.4262 +6.8551 -0.0139 
+8.3862 +6.8550 -0.0145 
+10.3462 +6.8550 -0.0150 
+12.3062 +6.8549 -0.0155 
+14.2662 +6.8548 -0.0160 
+16.2262 +6.8548 -0.0165 
+18.1862 +6.8547 -0.0170 
+20.1462 +6.8546 -0.0175 
+0.5462 +5.1303 -0.0153 
+2.5062 +5.1303 -0.0158 
+4.4662 +5.1302 -0.0163 
+6.4262 +5.1301 -0.0168 
+8.3862 +5.1300 -0.0173 
+10.3462 +5.1300 -0.0179 
+12.3062 +5.1299 -0.0184 
+14.2662 +5.1298 -0.0189 
+16.2262 +5.1298 -0.0194 
+18.1862 +5.1297 -0.0199 
+20.1462 +5.1296 -0.0204 
+0.5461 +3.4053 -0.0182 
+2.5061 +3.4053 -0.0187 
+4.4661 +3.4052 -0.0192 
+6.4261 +3.4051 -0.0197 
+8.3861 +3.4050 -0.0202 
+10.3461 +3.4050 -0.0207 
+12.3061 +3.4049 -0.0212 
+14.2661 +3.4048 -0.0218 
+16.2261 +3.4048 -0.0223 
+18.1861 +3.4047 -0.0228 
+20.1461 +3.4046 -0.0233 

+0.5680 +22.3771 +0.0135 
+2.5280 +22.3769 +0.0130 
+4.4880 +22.3766 +0.0125 
+6.4480 +22.3764 +0.0119 
+8.4080 +22.3761 +0.0114 
+10.3680 +22.3759 +0.0109 
+12.3280 +22.3757 +0.0104 
+14.2880 +22.3754 +0.0099 
+16.2480 +22.3752 +0.0094 
+18.2080 +22.3750 +0.0089 
+20.1680 +22.3747 +0.0083 
+0.5678 +20.6521 +0.0106 
+2.5278 +20.6519 +0.0101 
+4.4878 +20.6516 +0.0096 
+6.4478 +20.6514 +0.0091 
+8.4078 +20.6512 +0.0085 
+10.3678 +20.6509 +0.0080 
+12.3278 +20.6507 +0.0075 
+14.2878 +20.6504 +0.0070 
+16.2478 +20.6502 +0.0065 
+18.2078 +20.6500 +0.0060 
+20.1678 +20.6497 +0.0055 
+0.5675 +18.9271 +0.0077 
+2.5275 +18.9269 +0.0072 
+4.4875 +18.9266 +0.0067 
+6.4475 +18.9264 +0.0062 
+8.4075 +18.9262 +0.0057 
+10.3675 +18.9259 +0.0052 
+12.3275 +18.9257 +0.0046 
+14.2875 +18.9254 +0.0041 
+16.2475 +18.9252 +0.0036 
+18.2075 +18.9250 +0.0031 
+20.1675 +18.9247 +0.0026 
+0.5673 +17.2021 +0.0049 
+2.5273 +17.2019 +0.0043 
+4.4873 +17.2016 +0.0038 
+6.4473 +17.2014 +0.0033 
+8.4073 +17.2012 +0.0028 
+10.3673 +17.2009 +0.0023 
+12.3273 +17.2007 +0.0018 
+14.2873 +17.2004 +0.0013 
+16.2473 +17.2002 +0.0007 
+18.2073 +17.2000 +0.0002 
+20.1673 +17.1997 -0.0003 
+0.5671 +15.4771 +0.0020 
+2.5271 +15.4769 +0.0015 
+4.4871 +15.4766 +0.0009 
+6.4471 +15.4764 +0.0004 
+8.4071 +15.4762 -0.0001 
+10.3671 +15.4759 -0.0006 
+12.3271 +15.4757 -0.0011 
+14.2871 +15.4754 -0.0016 
+16.2471 +15.4752 -0.0021 
+18.2071 +15.4750 -0.0026 
+20.1671 +15.4747 -0.0032 
+0.5669 +13.7521 -0.0009 
+2.5269 +13.7519 -0.0014 
+4.4869 +13.7516 -0.0019 
+6.4469 +13.7514 -0.0024 
+8.4069 +13.7512 -0.0030 
+10.3669 +13.7509 -0.0035 
+12.3269 +13.7507 -0.0040 
+14.2869 +13.7505 -0.0045 
+16.2469 +13.7502 -0.0050 
+18.2069 +13.7500 -0.0055 
+20.1669 +13.7497 -0.0060 
+0.5667 +12.0271 -0.0038 
+2.5267 +12.0269 -0.0043 
+4.4867 +12.0266 -0.0048 
+6.4467 +12.0264 -0.0053 
+8.4067 +12.0262 -0.0058 
+10.3667 +12.0259 -0.0063 
+12.3267 +12.0257 -0.0069 
+14.2867 +12.0255 -0.0074 
+16.2467 +12.0252 -0.0079 
+18.2067 +12.0250 -0.0084 
+20.1667 +12.0247 -0.0089 
+0.5665 +10.3021 -0.0067 
+2.5265 +10.3019 -0.0072 
+4.4865 +10.3016 -0.0077 
+6.4465 +10.3014 -0.0082 
+8.4065 +10.3012 -0.0087 
+10.3665 +10.3009 -0.0092 
+12.3265 +10.3007 -0.0097 
+14.2865 +10.3005 -0.0102 
+16.2465 +10.3002 -0.0108 
+18.2065 +10.3000 -0.0113 
+20.1665 +10.2997 -0.0118 
+0.5663 +8.5771 -0.0095 
+2.5263 +8.5769 -0.0100 
+4.4863 +8.5766 -0.0106 
+6.4463 +8.5764 -0.0111 
+8.4063 +8.5762 -0.0116 
+10.3663 +8.5759 -0.0121 
+12.3263 +8.5757 -0.0126 
+14.2863 +8.5755 -0.0131 
+16.2463 +8.5752 -0.0136 
+18.2063 +8.5750 -0.0142 
+20.1663 +8.5748 -0.0147 
+0.5661 +6.8521 -0.0124 
+2.5261 +6.8519 -0.0129 
+4.4861 +6.8516 -0.0134 
+6.4461 +6.8514 -0.0139 
+8.4061 +6.8512 -0.0145 
+10.3661 +6.8509 -0.0150 
+12.3261 +6.8507 -0.0155 
+14.2861 +6.8505 -0.0160 
+16.2461 +6.8502 -0.0165 
+18.2061 +6.8500 -0.0170 
+20.1661 +6.8498 -0.0175 
+0.5659 +5.1271 -0.0153 
+2.5259 +5.1269 -0.0158 
+4.4859 +5.1266 -0.0163 
+6.4459 +5.1264 -0.0168 
+8.4059 +5.1262 -0.0173 
+10.3659 +5.1259 -0.0178 
+12.3259 +5.1257 -0.0184 
+14.2859 +5.1255 -0.0189 
+16.2459 +5.1252 -0.0194 
+18.2059 +5.1250 -0.0199 
+20.1659 +5.1248 -0.0204 
+0.5657 +3.4021 -0.0182 
+2.5257 +3.4019 -0.0187 
+4.4857 +3.4016 -0.0192 
+6.4457 +3.4014 -0.0197 
+8.4057 +3.4012 -0.0202 
+10.3657 +3.4009 -0.0207 
+12.3257 +3.4007 -0.0212 
+14.2857 +3.4005 -0.0218 
+16.2457 +3.4002 -0.0223 
+18.2057 +3.4000 -0.0228 
+20.1657 +3.3998 -0.0233 

+0.5687 +22.3761 +0.0135 
+2.5287 +22.3759 +0.0130 
+4.4887 +22.3756 +0.0125 
+6.4487 +22.3754 +0.0119 
+8.4087 +22.3751 +0.0114 
+10.3687 +22.3749 +0.0109 
+12.3287 +22.3747 +0.0104 
+14.2887 +22.3744 +0.0099 
+16.2487 +22.3742 +0.0094 
+18.2087 +22.3740 +0.0089 
+20.1687 +22.3737 +0.0083 
+0.5685 +20.6511 +0.0106 
+2.5285 +20.6509 +0.0101 
+4.4885 +20.6506 +0.0096 
+6.4485 +20.6504 +0.0091 
+8.4085 +20.6502 +0.0085 
+10.3685 +20.6499 +0.0080 
+12.3285 +20.6497 +0.0075 
+14.2885 +20.6494 +0.0070 
+16.2485 +20.6492 +0.0065 
+18.2085 +20.6490 +0.0060 
+20.1685 +20.6487 +0.0055 
+0.5683 +18.9261 +0.0077 
+2.5283 +18.9259 +0.0072 
+4.4883 +18.9256 +0.0067 
+6.4483 +18.9254 +0.0062 
+8.4083 +18.9252 +0.0057 
+10.3683 +18.9249 +0.0052 
+12.3283 +18.9247 +0.0046 
+14.2883 +18.9244 +0.0041 
+16.2483 +18.9242 +0.0036 
+18.2083 +18.9240 +0.0031 
+20.1683 +18.9237 +0.0026 
+0.5681 +17.2011 +0.0048 
+2.5281 +17.2009 +0.0043 
+4.4881 +17.2006 +0.0038 
+6.4481 +17.2004 +0.0033 
+8.4081 +17.2002 +0.0028 
+10.3681 +17.1999 +0.0023 
+12.3281 +17.1997 +0.0018 
+14.2881 +17.1994 +0.0013 
+16.2481 +17.1992 +0.0007 
+18.2081 +17.1990 +0.0002 
+20.1681 +17.1987 -0.0003 
+0.5679 +15.4761 +0.0020 
+2.5279 +15.4759 +0.0015 
+4.4879 +15.4756 +0.0009 
+6.4479 +15.4754 +0.0004 
+8.4079 +15.4752 -0.0001 
+10.3679 +15.4749 -0.0006 
+12.3279 +15.4747 -0.0011 
+14.2879 +15.4744 -0.0016 
+16.2479 +15.4742 -0.0021 
+18.2079 +15.4740 -0.0026 
+20.1679 +15.4737 -0.0032 
+0.5677 +13.7511 -0.0009 
+2.5277 +13.7509 -0.0014 
+4.4877 +13.7506 -0.0019 
+6.4477 +13.7504 -0.0024 
+8.4077 +13.7502 -0.0030 
+10.3677 +13.7499 -0.0035 
+12.3277 +13.7497 -0.0040 
+14.2877 +13.7495 -0.0045 
+16.2477 +13.7492 -0.0050 
+18.2077 +13.7490 -0.0055 
+20.1677 +13.7487 -0.0060 
+0.5675 +12.0261 -0.0038 
+2.5275 +12.0259 -0.0043 
+4.4875 +12.0256 -0.0048 
+6.4475 +12.0254 -0.0053 
+8.4075 +12.0252 -0.0058 
+10.3675 +12.0249 -0.0063 
+12.3275 +12.0247 -0.0069 
+14.2875 +12.0245 -0.0074 
+16.2475 +12.0242 -0.0079 
+18.2075 +12.0240 -0.0084 
+20.1675 +12.0237 -0.0089 
+0.5673 +10.3011 -0.0067 
+2.5273 +10.3009 -0.0072 
+4.4873 +10.3006 -0.0077 
+6.4473 +10.3004 -0.0082 
+8.4073 +10.3002 -0.0087 
+10.3673 +10.2999 -0.0092 
+12.3273 +10.2997 -0.0097 
+14.2873 +10.2995 -0.0103 
+16.2473 +10.2992 -0.0108 
+18.2073 +10.2990 -0.0113 
+20.1673 +10.2987 -0.0118 
+0.5671 +8.5761 -0.0095 
+2.5271 +8.5759 -0.0100 
+4.4871 +8.5756 -0.0106 
+6.4471 +8.5754 -0.0111 
+8.4071 +8.5752 -0.0116 
+10.3671 +8.5749 -0.0121 
+12.3271 +8.5747 -0.0126 
+14.2871 +8.5745 -0.0131 
+16.2471 +8.5742 -0.0136 
+18.2071 +8.5740 -0.0142 
+20.1671 +8.5738 -0.0147 
+0.5668 +6.8511 -0.0124 
+2.5268 +6.8509 -0.0129 
+4.4868 +6.8506 -0.0134 
+6.4468 +6.8504 -0.0139 
+8.4068 +6.8502 -0.0145 
+10.3668 +6.8499 -0.0150 
+12.3268 +6.8497 -0.0155 
+14.2868 +6.8495 -0.0160 
+16.2468 +6.8492 -0.0165 
+18.2068 +6.8490 -0.0170 
+20.1668 +6.8488 -0.0175 
+0.5666 +5.1261 -0.0153 
+2.5266 +5.1259 -0.0158 
+4.4866 +5.1256 -0.0163 
+6.4466 +5.1254 -0.0168 
+8.4066 +5.1252 -0.0173 
+10.3666 +5.1249 -0.0179 
+12.3266 +5.1247 -0.0184 
+14.2866 +5.1245 -0.0189 
+16.2466 +5.1242 -0.0194 
+18.2066 +5.1240 -0.0199 
+20.1666 +5.1238 -0.0204 
+0.5664 +3.4011 -0.0182 
+2.5264 +3.4009 -0.0187 
+4.4864 +3.4006 -0.0192 
+6.4464 +3.4004 -0.0197 
+8.4064 +3.4002 -0.0202 
+10.3664 +3.3999 -0.0207 
+12.3264 +3.3997 -0.0212 
+14.2864 +3.3995 -0.0218 
+16.2464 +3.3992 -0.0223 
+18.2064 +3.3990 -0.0228 
+20.1664 +3.3988 -0.0233 

+0.5498 +22.3722 +0.0135 
+2.5098 +22.3724 +0.0130 
+4.4698 +22.3727 +0.0125 
+6.4298 +22.3729 +0.0119 
+8.3898 +22.3731 +0.0114 
+10.3498 +22.3733 +0.0109 
+12.3098 +22.3735 +0.0104 
+14.2698 +22.3737 +0.0099 
+16.2298 +22.3739 +0.0094 
+18.1898 +22.3742 +0.0089 
+20.1498 +22.3744 +0.0083 
+0.5500 +20.6472 +0.0106 
+2.5100 +20.6474 +0.0101 
+4.4700 +20.6477 +0.0096 
+6.4300 +20.6479 +0.0091 
+8.3900 +20.6481 +0.0085 
+10.3500 +20.6483 +0.0080 
+12.3100 +20.6485 +0.0075 
+14.2700 +20.6487 +0.0070 
+16.2300 +20.6490 +0.0065 
+18.1900 +20.6492 +0.0060 
+20.1500 +20.6494 +0.0055 
+0.5502 +18.9222 +0.0077 
+2.5102 +18.9224 +0.0072 
+4.4702 +18.9227 +0.0067 
+6.4302 +18.9229 +0.0062 
+8.3902 +18.9231 +0.0057 
+10.3502 +18.9233 +0.0052 
+12.3102 +18.9235 +0.0046 
+14.2702 +18.9237 +0.0041 
+16.2302 +18.9240 +0.0036 
+18.1902 +18.9242 +0.0031 
+20.1502 +18.9244 +0.0026 
+0.5504 +17.1972 +0.0049 
+2.5104 +17.1974 +0.0043 
+4.4704 +17.1977 +0.0038 
+6.4304 +17.1979 +0.0033 
+8.3904 +17.1981 +0.0028 
+10.3504 +17.1983 +0.0023 
+12.3104 +17.1985 +0.0018 
+14.2704 +17.1987 +0.0013 
+16.2304 +17.1990 +0.0007 
+18.1904 +17.1992 +0.0002 
+20.1504 +17.1994 -0.0003 
+0.5506 +15.4722 +0.0020 
+2.5106 +15.4724 +0.0015 
+4.4706 +15.4727 +0.0009 
+6.4306 +15.4729 +0.0004 
+8.3906 +15.4731 -0.0001 
+10.3506 +15.4733 -0.0006 
+12.3106 +15.4735 -0.0011 
+14.2706 +15.4737 -0.0016 
+16.2306 +15.4740 -0.0021 
+18.1906 +15.4742 -0.0026 
+20.1506 +15.4744 -0.0032 
+0.5507 +13.7472 -0.0009 
+2.5107 +13.7474 -0.0014 
+4.4707 +13.7477 -0.0019 
+6.4307 +13.7479 -0.0024 
+8.3907 +13.7481 -0.0030 
+10.3507 +13.7483 -0.0035 
+12.3107 +13.7485 -0.0040 
+14.2707 +13.7487 -0.0045 
+16.2307 +13.7490 -0.0050 
+18.1907 +13.7492 -0.0055 
+20.1507 +13.7494 -0.0060 
+0.5509 +12.0222 -0.0038 
+2.5109 +12.0225 -0.0043 
+4.4709 +12.0227 -0.0048 
+6.4309 +12.0229 -0.0053 
+8.3909 +12.0231 -0.0058 
+10.3509 +12.0233 -0.0063 
+12.3109 +12.0235 -0.0069 
+14.2709 +12.0237 -0.0074 
+16.2309 +12.0240 -0.0079 
+18.1909 +12.0242 -0.0084 
+20.1509 +12.0244 -0.0089 
+0.5511 +10.2972 -0.0067 
+2.5111 +10.2975 -0.0072 
+4.4711 +10.2977 -0.0077 
+6.4311 +10.2979 -0.0082 
+8.3911 +10.2981 -0.0087 
+10.3511 +10.2983 -0.0092 
+12.3111 +10.2985 -0.0097 
+14.2711 +10.2987 -0.0102 
+16.2311 +10.2990 -0.0108 
+18.1911 +10.2992 -0.0113 
+20.1511 +10.2994 -0.0118 
+0.5513 +8.5722 -0.0095 
+2.5113 +8.5725 -0.0100 
+4.4713 +8.5727 -0.0106 
+6.4313 +8.5729 -0.0111 
+8.3913 +8.5731 -0.0116 
+10.3513 +8.5733 -0.0121 
+12.3113 +8.5735 -0.0126 
+14.2713 +8.5738 -0.0131 
+16.2313 +8.5740 -0.0136 
+18.1913 +8.5742 -0.0142 
+20.1513 +8.5744 -0.0147 
+0.5515 +6.8472 -0.0124 
+2.5115 +6.8475 -0.0129 
+4.4715 +6.8477 -0.0134 
+6.4315 +6.8479 -0.0139 
+8.3915 +6.8481 -0.0145 
+10.3515 +6.8483 -0.0150 
+12.3115 +6.8485 -0.0155 
+14.2715 +6.8488 -0.0160 
+16.2315 +6.8490 -0.0165 
+18.1915 +6.8492 -0.0170 
+20.1515 +6.8494 -0.0175 
+0.5517 +5.1222 -0.0153 
+2.5117 +5.1225 -0.0158 
+4.4717 +5.1227 -0.0163 
+6.4317 +5.1229 -0.0168 
+8.3917 +5.1231 -0.0173 
+10.3517 +5.1233 -0.0178 
+12.3117 +5.1235 -0.0184 
+14.2717 +5.1238 -0.0189 
+16.2317 +5.1240 -0.0194 
+18.1917 +5.1242 -0.0199 
+20.1517 +5.1244 -0.0204 
+0.5519 +3.3972 -0.0182 
+2.5119 +3.3975 -0.0187 
+4.4719 +3.3977 -0.0192 
+6.4319 +3.3979 -0.0197 
+8.3919 +3.3981 -0.0202 
+10.3519 +3.3983 -0.0207 
+12.3119 +3.3985 -0.0212 
+14.2719 +3.3988 -0.0218 
+16.2319 +3.3990 -0.0223 
+18.1919 +3.3992 -0.0228 
+20.1519 +3.3994 -0.0233 

+0.5506 +22.3712 +0.0135 
+2.5106 +22.3714 +0.0130 
+4.4706 +22.3717 +0.0125 
+6.4306 +22.3719 +0.0119 
+8.3906 +22.3721 +0.0114 
+10.3506 +22.3723 +0.0109 
+12.3106 +22.3725 +0.0104 
+14.2706 +22.3727 +0.0099 
+16.2306 +22.3729 +0.0094 
+18.1906 +22.3732 +0.0089 
+20.1506 +22.3734 +0.0083 
+0.5507 +20.6462 +0.0106 
+2.5107 +20.6464 +0.0101 
+4.4707 +20.6467 +0.0096 
+6.4307 +20.6469 +0.0091 
+8.3907 +20.6471 +0.0085 
+10.3507 +20.6473 +0.0080 
+12.3107 +20.6475 +0.0075 
+14.2707 +20.6477 +0.0070 
+16.2307 +20.6480 +0.0065 
+18.1907 +20.6482 +0.0060 
+20.1507 +20.6484 +0.0055 
+0.5509 +18.9212 +0.0077 
+2.5109 +18.9214 +0.0072 
+4.4709 +18.9217 +0.0067 
+6.4309 +18.9219 +0.0062 
+8.3909 +18.9221 +0.0057 
+10.3509 +18.9223 +0.0052 
+12.3109 +18.9225 +0.0046 
+14.2709 +18.9227 +0.0041 
+16.2309 +18.9230 +0.0036 
+18.1909 +18.9232 +0.0031 
+20.1509 +18.9234 +0.0026 
+0.5511 +17.1962 +0.0048 
+2.5111 +17.1964 +0.0043 
+4.4711 +17.1967 +0.0038 
+6.4311 +17.1969 +0.0033 
+8.3911 +17.1971 +0.0028 
+10.3511 +17.1973 +0.0023 
+12.3111 +17.1975 +0.0018 
+14.2711 +17.1977 +0.0013 
+16.2311 +17.1980 +0.0007 
+18.1911 +17.1982 +0.0002 
+20.1511 +17.1984 -0.0003 
+0.5513 +15.4712 +0.0020 
+2.5113 +15.4714 +0.0015 
+4.4713 +15.4717 +0.0009 
+6.4313 +15.4719 +0.0004 
+8.3913 +15.4721 -0.0001 
+10.3513 +15.4723 -0.0006 
+12.3113 +15.4725 -0.0011 
+14.2713 +15.4727 -0.0016 
+16.2313 +15.4730 -0.0021 
+18.1913 +15.4732 -0.0026 
+20.1513 +15.4734 -0.0032 
+0.5515 +13.7462 -0.0009 
+2.5115 +13.7464 -0.0014 
+4.4715 +13.7467 -0.0019 
+6.4315 +13.7469 -0.0024 
+8.3915 +13.7471 -0.0030 
+10.3515 +13.7473 -0.0035 
+12.3115 +13.7475 -0.0040 
+14.2715 +13.7477 -0.0045 
+16.2315 +13.7480 -0.0050 
+18.1915 +13.7482 -0.0055 
+20.1515 +13.7484 -0.0060 
+0.5517 +12.0212 -0.0038 
+2.5117 +12.0215 -0.0043 
+4.4717 +12.0217 -0.0048 
+6.4317 +12.0219 -0.0053 
+8.3917 +12.0221 -0.0058 
+10.3517 +12.0223 -0.0063 
+12.3117 +12.0225 -0.0069 
+14.2717 +12.0227 -0.0074 
+16.2317 +12.0230 -0.0079 
+18.1917 +12.0232 -0.0084 
+20.1517 +12.0234 -0.0089 
+0.5519 +10.2962 -0.0067 
+2.5119 +10.2965 -0.0072 
+4.4719 +10.2967 -0.0077 
+6.4319 +10.2969 -0.0082 
+8.3919 +10.2971 -0.0087 
+10.3519 +10.2973 -0.0092 
+12.3119 +10.2975 -0.0097 
+14.2719 +10.2977 -0.0103 
+16.2319 +10.2980 -0.0108 
+18.1919 +10.2982 -0.0113 
+20.1519 +10.2984 -0.0118 
+0.5521 +8.5712 -0.0095 
+2.5121 +8.5715 -0.0100 
+4.4721 +8.5717 -0.0106 
+6.4321 +8.5719 -0.0111 
+8.3921 +8.5721 -0.0116 
+10.3521 +8.5723 -0.0121 
+12.3121 +8.5725 -0.0126 
+14.2721 +8.5728 -0.0131 
+16.2321 +8.5730 -0.0136 
+18.1921 +8.5732 -0.0142 
+20.1521 +8.5734 -0.0147 
+0.5523 +6.8462 -0.0124 
+2.5123 +6.8465 -0.0129 
+4.4723 +6.8467 -0.0134 
+6.4323 +6.8469 -0.0139 
+8.3923 +6.8471 -0.0145 
+10.3523 +6.8473 -0.0150 
+12.3123 +6.8475 -0.0155 
+14.2723 +6.8478 -0.0160 
+16.2323 +6.8480 -0.0165 
+18.1923 +6.8482 -0.0170 
+20.1523 +6.8484 -0.0175 
+0.5524 +5.1212 -0.0153 
+2.5124 +5.1215 -0.0158 
+4.4724 +5.1217 -0.0163 
+6.4324 +5.1219 -0.0168 
+8.3924 +5.1221 -0.0173 
+10.3524 +5.1223 -0.0179 
+12.3124 +5.1225 -0.0184 
+14.2724 +5.1228 -0.0189 
+16.2324 +5.1230 -0.0194 
+18.1924 +5.1232 -0.0199 
+20.1524 +5.1234 -0.0204 
+0.5526 +3.3962 -0.0182 
+2.5126 +3.3965 -0.0187 
+4.4726 +3.3967 -0.0192 
+6.4326 +3.3969 -0.0197 
+8.3926 +3.3971 -0.0202 
+10.3526 +3.3973 -0.0207 
+12.3126 +3.3975 -0.0212 
+14.2726 +3.3978 -0.0218 
+16.2326 +3.3980 -0.0223 
+18.1926 +3.3982 -0.0228 
+20.1526 +3.3984 -0.0233 


