C:\Partrtn\Jobs\Jana folder\16_08\STYLUS.RTN 08/16/2012 15:34:53     3
+0.5206 +22.3815 -0.0983 
+2.4803 +22.3821 -0.0983 
+4.4408 +22.3821 -0.1018 
+6.4007 +22.3820 -0.1076 
+8.3603 +22.3821 -0.1110 
+10.3205 +22.3821 -0.1117 
+12.2799 +22.3823 -0.1114 
+14.2398 +22.3821 -0.1063 
+16.2004 +22.3821 -0.1016 
+18.1605 +22.3821 -0.1024 
+20.1205 +22.3820 -0.1096 
+0.5208 +20.6571 -0.0241 
+2.4809 +20.6573 -0.0228 
+4.4399 +20.6570 -0.0241 
+6.4005 +20.6570 -0.0271 
+8.3604 +20.6569 -0.0303 
+10.3203 +20.6567 -0.0269 
+12.2808 +20.6572 -0.0298 
+14.2397 +20.6571 -0.0255 
+16.2008 +20.6569 -0.0216 
+18.1603 +20.6568 -0.0217 
+20.1200 +20.6569 -0.0274 
+0.5208 +18.9330 +0.0464 
+2.4807 +18.9321 +0.0479 
+4.4405 +18.9319 +0.0471 
+6.4008 +18.9321 +0.0451 
+8.3605 +18.9321 +0.0429 
+10.3200 +18.9322 +0.0432 
+12.2803 +18.9321 +0.0456 
+14.2406 +18.9321 +0.0494 
+16.1997 +18.9319 +0.0526 
+18.1602 +18.9321 +0.0528 
+20.1203 +18.9320 +0.0487 
+0.5208 +17.2079 +0.1098 
+2.4806 +17.2072 +0.1081 
+4.4403 +17.2073 +0.1074 
+6.4006 +17.2070 +0.1063 
+8.3599 +17.2072 +0.1050 
+10.3203 +17.2071 +0.1060 
+12.2804 +17.2074 +0.1090 
+14.2411 +17.2072 +0.1126 
+16.2011 +17.2073 +0.1152 
+18.1600 +17.2071 +0.1160 
+20.1202 +17.2072 +0.1133 
+0.5208 +15.4818 +0.1504 
+2.4806 +15.4824 +0.1488 
+4.4405 +15.4822 +0.1488 
+6.4005 +15.4820 +0.1490 
+8.3602 +15.4821 +0.1495 
+10.3200 +15.4821 +0.1505 
+12.2804 +15.4822 +0.1534 
+14.2408 +15.4822 +0.1568 
+16.2003 +15.4821 +0.1592 
+18.1603 +15.4819 +0.1607 
+20.1206 +15.4821 +0.1626 
+0.5208 +13.7571 +0.1647 
+2.4805 +13.7572 +0.1674 
+4.4403 +13.7571 +0.1685 
+6.4002 +13.7571 +0.1690 
+8.3602 +13.7571 +0.1695 
+10.3204 +13.7570 +0.1706 
+12.2802 +13.7570 +0.1729 
+14.2405 +13.7569 +0.1764 
+16.2003 +13.7571 +0.1794 
+18.1604 +13.7570 +0.1813 
+20.1206 +13.7573 +0.1806 
+0.5206 +12.0328 +0.1613 
+2.4808 +12.0324 +0.1659 
+4.4402 +12.0319 +0.1681 
+6.4005 +12.0321 +0.1679 
+8.3605 +12.0323 +0.1671 
+10.3205 +12.0321 +0.1676 
+12.2806 +12.0320 +0.1679 
+14.2407 +12.0319 +0.1716 
+16.2005 +12.0320 +0.1759 
+18.1604 +12.0321 +0.1782 
+20.1206 +12.0320 +0.1777 
+0.5210 +10.3070 +0.1432 
+2.4800 +10.3071 +0.1490 
+4.4402 +10.3070 +0.1506 
+6.4009 +10.3069 +0.1498 
+8.3609 +10.3074 +0.1488 
+10.3200 +10.3072 +0.1470 
+12.2805 +10.3073 +0.1468 
+14.2406 +10.3066 +0.1501 
+16.2003 +10.3072 +0.1540 
+18.1602 +10.3071 +0.1570 
+20.1200 +10.3070 +0.1604 
+0.5210 +8.5821 +0.1114 
+2.4807 +8.5823 +0.1163 
+4.4403 +8.5821 +0.1168 
+6.4004 +8.5823 +0.1167 
+8.3604 +8.5821 +0.1165 
+10.3199 +8.5821 +0.1156 
+12.2801 +8.5821 +0.1143 
+14.2402 +8.5822 +0.1154 
+16.2006 +8.5822 +0.1182 
+18.1604 +8.5819 +0.1209 
+20.1195 +8.5819 +0.1222 
+0.5207 +6.8570 +0.0599 
+2.4807 +6.8570 +0.0626 
+4.4409 +6.8571 +0.0638 
+6.4004 +6.8570 +0.0648 
+8.3605 +6.8571 +0.0632 
+10.3205 +6.8571 +0.0633 
+12.2802 +6.8569 +0.0629 
+14.2403 +6.8570 +0.0624 
+16.2005 +6.8573 +0.0635 
+18.1608 +6.8569 +0.0647 
+20.1195 +6.8570 +0.0638 
+0.5207 +5.1319 -0.0107 
+2.4802 +5.1326 -0.0099 
+4.4398 +5.1321 -0.0101 
+6.4008 +5.1322 -0.0101 
+8.3602 +5.1322 -0.0104 
+10.3206 +5.1318 -0.0094 
+12.2805 +5.1319 -0.0087 
+14.2399 +5.1321 -0.0096 
+16.2001 +5.1319 -0.0100 
+18.1602 +5.1318 -0.0072 
+20.1194 +5.1317 -0.0125 
+0.5203 +3.4070 -0.0942 
+2.4805 +3.4067 -0.0921 
+4.4407 +3.4074 -0.0928 
+6.4003 +3.4073 -0.0929 
+8.3601 +3.4071 -0.0913 
+10.3200 +3.4071 -0.0757 
+12.2805 +3.4070 -0.0899 
+14.2404 +3.4070 -0.0912 
+16.2004 +3.4070 -0.0919 
+18.1600 +3.4072 -0.0866 
+20.1208 +3.4070 -0.0935 


C:\Partrtn\Jobs\Jana folder\16_08\STYLUS.RTN 08/16/2012 16:18:35     1
+0.5206 +22.3817 -0.0977 
+2.4805 +22.3810 -0.0974 
+4.4402 +22.3811 -0.1012 
+6.4003 +22.3810 -0.1075 
+8.3605 +22.3809 -0.1112 
+10.3206 +22.3812 -0.1116 
+12.2807 +22.3811 -0.1121 
+14.2404 +22.3811 -0.1072 
+16.2004 +22.3808 -0.1029 
+18.1611 +22.3811 -0.1038 
+20.1205 +22.3808 -0.1113 
+0.5205 +20.6573 -0.0233 
+2.4795 +20.6561 -0.0219 
+4.4403 +20.6561 -0.0238 
+6.3998 +20.6559 -0.0274 
+8.3606 +20.6561 -0.0305 
+10.3197 +20.6560 -0.0307 
+12.2799 +20.6559 -0.0298 
+14.2396 +20.6564 -0.0265 
+16.2002 +20.6560 -0.0230 
+18.1603 +20.6560 -0.0228 
+20.1208 +20.6559 -0.0289 
+0.5202 +18.9321 +0.0470 
+2.4804 +18.9308 +0.0489 
+4.4401 +18.9308 +0.0480 
+6.4005 +18.9310 +0.0450 
+8.3606 +18.9308 +0.0424 
+10.3208 +18.9311 +0.0426 
+12.2809 +18.9310 +0.0449 
+14.2400 +18.9310 +0.0479 
+16.2012 +18.9307 +0.0514 
+18.1600 +18.9311 +0.0515 
+20.1204 +18.9309 +0.0469 
+0.5208 +17.2067 +0.1101 
+2.4801 +17.2061 +0.1090 
+4.4402 +17.2060 +0.1082 
+6.4004 +17.2060 +0.1065 
+8.3604 +17.2060 +0.1048 
+10.3201 +17.2059 +0.1061 
+12.2808 +17.2061 +0.1090 
+14.2402 +17.2059 +0.1117 
+16.2005 +17.2060 +0.1146 
+18.1594 +17.2060 +0.1152 
+20.1205 +17.2059 +0.1123 
+0.5203 +15.4818 +0.1515 
+2.4811 +15.4809 +0.1502 
+4.4403 +15.4807 +0.1501 
+6.3993 +15.4808 +0.1495 
+8.3608 +15.4811 +0.1496 
+10.3201 +15.4805 +0.1511 
+12.2806 +15.4812 +0.1535 
+14.2403 +15.4808 +0.1562 
+16.2008 +15.4810 +0.1585 
+18.1597 +15.4811 +0.1599 
+20.1205 +15.4810 +0.1593 
+0.5201 +13.7566 +0.1662 
+2.4800 +13.7558 +0.1689 
+4.4403 +13.7560 +0.1702 
+6.4001 +13.7562 +0.1700 
+8.3604 +13.7559 +0.1702 
+10.3200 +13.7559 +0.1716 
+12.2806 +13.7558 +0.1734 
+14.2409 +13.7560 +0.1763 
+16.2006 +13.7559 +0.1800 
+18.1603 +13.7560 +0.1813 
+20.1200 +13.7560 +0.1801 
+0.5205 +12.0322 +0.1628 
+2.4796 +12.0310 +0.1682 
+4.4405 +12.0305 +0.1704 
+6.4000 +12.0306 +0.1695 
+8.3604 +12.0309 +0.1683 
+10.3208 +12.0307 +0.1678 
+12.2807 +12.0308 +0.1690 
+14.2408 +12.0306 +0.1722 
+16.2005 +12.0307 +0.1763 
+18.1605 +12.0307 +0.1787 
+20.1205 +12.0312 +0.1781 
+0.5206 +10.3068 +0.1458 
+2.4800 +10.3071 +0.1516 
+4.4404 +10.3060 +0.1531 
+6.4007 +10.3060 +0.1519 
+8.3605 +10.3060 +0.1507 
+10.3211 +10.3062 +0.1490 
+12.2798 +10.3059 +0.1486 
+14.2400 +10.3062 +0.1512 
+16.2011 +10.3062 +0.1549 
+18.1603 +10.3062 +0.1582 
+20.1205 +10.3062 +0.1595 
+0.5206 +8.5818 +0.1158 
+2.4803 +8.5814 +0.1211 
+4.4406 +8.5812 +0.1218 
+6.4004 +8.5813 +0.1203 
+8.3598 +8.5812 +0.1199 
+10.3199 +8.5813 +0.1186 
+12.2805 +8.5809 +0.1171 
+14.2397 +8.5810 +0.1172 
+16.2008 +8.5810 +0.1197 
+18.1613 +8.5809 +0.1228 
+20.1202 +8.5811 +0.1234 
+0.5207 +6.8569 +0.0641 
+2.4809 +6.8559 +0.0670 
+4.4404 +6.8562 +0.0682 
+6.4002 +6.8560 +0.0684 
+8.3604 +6.8561 +0.0668 
+10.3208 +6.8560 +0.0671 
+12.2802 +6.8558 +0.0665 
+14.2404 +6.8559 +0.0653 
+16.2006 +6.8558 +0.0660 
+18.1608 +6.8562 +0.0671 
+20.1206 +6.8559 +0.0658 
+0.5210 +5.1319 -0.0058 
+2.4807 +5.1309 -0.0049 
+4.4403 +5.1312 -0.0048 
+6.4003 +5.1311 -0.0054 
+8.3606 +5.1304 -0.0061 
+10.3203 +5.1313 -0.0051 
+12.2798 +5.1313 -0.0045 
+14.2410 +5.1313 -0.0062 
+16.2000 +5.1310 -0.0068 
+18.1602 +5.1310 -0.0056 
+20.1205 +5.1309 -0.0096 
+0.5209 +3.4069 -0.0883 
+2.4796 +3.4058 -0.0861 
+4.4406 +3.4058 -0.0872 
+6.4006 +3.4062 -0.0879 
+8.3605 +3.4060 -0.0871 
+10.3200 +3.4059 -0.0797 
+12.2804 +3.4059 -0.0856 
+14.2403 +3.4055 -0.0876 
+16.2001 +3.4058 -0.0886 
+18.1609 +3.4055 -0.0861 
+20.1205 +3.4059 -0.0904 



