-0.0105 +0.0469 +0.0061 
+1.9893 +0.0469 +0.0053 
+3.9892 +0.0468 +0.0042 
+5.9895 +0.0468 +0.0044 
+7.9892 +0.0470 +0.0048 
+9.9894 +0.0469 +0.0051 
+11.9891 +0.0469 +0.0053 
+13.9894 +0.0469 +0.0053 
+15.9892 +0.0469 +0.0077 
+17.9893 +0.0469 +0.0057 
-0.0105 +2.0468 +0.0018 
+1.9893 +2.0469 +0.0022 
+3.9892 +2.0468 +0.0020 
+5.9894 +2.0471 +0.0025 
+7.9892 +2.0468 +0.0028 
+9.9895 +2.0469 +0.0033 
+11.9892 +2.0469 +0.0036 
+13.9895 +2.0468 +0.0035 
+15.9893 +2.0468 +0.0050 
+17.9895 +2.0470 +0.0086 
-0.0104 +4.0467 +0.0007 
+1.9894 +4.0468 +0.0009 
+3.9895 +4.0468 +0.0008 
+5.9892 +4.0468 +0.0009 
+7.9896 +4.0468 +0.0016 
+9.9895 +4.0469 +0.0020 
+11.9893 +4.0469 +0.0023 
+13.9893 +4.0469 +0.0026 
+15.9893 +4.0470 +0.0027 
+17.9892 +4.0468 +0.0031 
-0.0103 +6.0466 -0.0006 
+1.9893 +6.0469 -0.0005 
+3.9894 +6.0468 -0.0004 
+5.9894 +6.0468 -0.0000 
+7.9892 +6.0468 +0.0004 
+9.9892 +6.0469 +0.0008 
+11.9895 +6.0467 +0.0011 
+13.9893 +6.0469 +0.0011 
+15.9893 +6.0468 +0.0014 
+17.9892 +6.0468 +0.0016 
-0.0105 +8.0465 -0.0019 
+1.9893 +8.0469 -0.0019 
+3.9894 +8.0469 -0.0017 
+5.9894 +8.0468 -0.0013 
+7.9894 +8.0469 -0.0009 
+9.9892 +8.0468 -0.0005 
+11.9893 +8.0469 -0.0004 
+13.9892 +8.0468 -0.0003 
+15.9893 +8.0468 +0.0000 
+17.9893 +8.0468 +0.0003 
-0.0105 +10.0467 -0.0034 
+1.9895 +10.0468 -0.0033 
+3.9893 +10.0469 -0.0033 
+5.9894 +10.0469 -0.0029 
+7.9892 +10.0468 -0.0025 
+9.9896 +10.0467 -0.0018 
+11.9893 +10.0469 +0.0007 
+13.9892 +10.0468 -0.0002 
+15.9894 +10.0469 -0.0014 
+17.9895 +10.0469 -0.0007 
-0.0103 +12.0466 -0.0047 
+1.9893 +12.0467 -0.0045 
+3.9894 +12.0469 -0.0043 
+5.9893 +12.0467 -0.0038 
+7.9892 +12.0467 -0.0034 
+9.9892 +12.0467 -0.0011 
+11.9892 +12.0468 -0.0028 
+13.9893 +12.0468 -0.0027 
+15.9895 +12.0468 -0.0025 
+17.9894 +12.0468 -0.0021 
-0.0104 +14.0466 -0.0058 
+1.9893 +14.0469 -0.0055 
+3.9892 +14.0468 -0.0054 
+5.9894 +14.0468 +0.0115 
+7.9892 +14.0467 -0.0044 
+9.9894 +14.0468 -0.0041 
+11.9895 +14.0469 -0.0038 
+13.9893 +14.0468 -0.0035 
+15.9896 +14.0469 -0.0032 
+17.9893 +14.0468 -0.0029 
-0.0103 +16.0466 -0.0068 
+1.9892 +16.0469 -0.0065 
+3.9893 +16.0468 -0.0063 
+5.9892 +16.0468 -0.0058 
+7.9894 +16.0467 -0.0054 
+9.9892 +16.0468 -0.0050 
+11.9893 +16.0468 -0.0048 
+13.9893 +16.0468 -0.0046 
+15.9894 +16.0468 -0.0045 
+17.9893 +16.0468 -0.0042 
-0.0103 +18.0467 -0.0078 
+1.9894 +18.0468 -0.0075 
+3.9894 +18.0468 -0.0073 
+5.9893 +18.0469 -0.0060 
+7.9893 +18.0469 -0.0065 
+9.9892 +18.0469 -0.0060 
+11.9893 +18.0468 -0.0058 
+13.9893 +18.0469 -0.0056 
+15.9894 +18.0469 -0.0055 
+17.9898 +18.0472 -0.0032
