+0.5000 +22.4001 -0.1039 
+2.4602 +22.4007 -0.0967 
+4.4192 +22.4009 -0.1092 
+6.3799 +22.4007 -0.1163 
+8.3404 +22.4008 -0.1210 
+10.2997 +22.4005 -0.1217 
+12.2604 +22.4004 -0.1216 
+14.2197 +22.4008 -0.1174 
+16.1792 +22.4007 -0.1132 
+18.1383 +22.4007 -0.1144 
+20.0991 +22.4008 -0.1215 
+0.5002 +20.6751 -0.0297 
+2.4592 +20.6756 -0.0253 
+4.4200 +20.6758 -0.0295 
+6.3803 +20.6758 -0.0324 
+8.3398 +20.6756 -0.0389 
+10.2992 +20.6759 -0.0401 
+12.2596 +20.6759 -0.0396 
+14.2198 +20.6758 -0.0366 
+16.1800 +20.6756 -0.0321 
+18.1396 +20.6757 -0.0322 
+20.1003 +20.6757 -0.0386 
+0.4997 +18.9514 +0.0401 
+2.4598 +18.9505 +0.0414 
+4.4193 +18.9509 +0.0400 
+6.3799 +18.9509 +0.0369 
+8.3398 +18.9506 +0.0337 
+10.3002 +18.9512 +0.0336 
+12.2601 +18.9506 +0.0358 
+14.2197 +18.9507 +0.0391 
+16.1803 +18.9509 +0.0418 
+18.1400 +18.9506 +0.0423 
+20.0997 +18.9507 +0.0379 
+0.5001 +17.2252 +0.1063 
+2.4598 +17.2258 +0.1018 
+4.4208 +17.2258 +0.1050 
+6.3798 +17.2260 +0.1013 
+8.3400 +17.2258 +0.0985 
+10.3000 +17.2256 +0.0991 
+12.2604 +17.2260 +0.1004 
+14.2199 +17.2258 +0.1033 
+16.1794 +17.2257 +0.1054 
+18.1392 +17.2257 +0.1063 
+20.0996 +17.2258 +0.1034 
+0.5003 +15.5002 +0.1466 
+2.4589 +15.5009 +0.1444 
+4.4199 +15.5008 +0.1440 
+6.3794 +15.5010 +0.1431 
+8.3412 +15.5008 +0.1426 
+10.3000 +15.5006 +0.1434 
+12.2604 +15.5007 +0.1461 
+14.2189 +15.5006 +0.1488 
+16.1787 +15.5008 +0.1507 
+18.1396 +15.5004 +0.1539 
+20.0992 +15.5006 +0.1520 
+0.4998 +13.7762 +0.1629 
+2.4608 +13.7759 +0.1641 
+4.4204 +13.7759 +0.1648 
+6.3796 +13.7755 +0.1646 
+8.3394 +13.7756 +0.1852 
+10.2996 +13.7757 +0.1654 
+12.2596 +13.7759 +0.1784 
+14.2202 +13.7756 +0.1719 
+16.1800 +13.7757 +0.1727 
+18.1390 +13.7755 +0.1743 
+20.0994 +13.7758 +0.1732 
+0.5005 +12.0507 +0.1594 
+2.4597 +12.0505 +0.1649 
+4.4204 +12.0507 +0.1662 
+6.3798 +12.0505 +0.1668 
+8.3398 +12.0508 +0.1636 
+10.3002 +12.0511 +0.1631 
+12.2603 +12.0508 +0.1642 
+14.2194 +12.0507 +0.1671 
+16.1794 +12.0508 +0.1758 
+18.1397 +12.0508 +0.1757 
+20.0996 +12.0508 +0.1737 
+0.4999 +10.3254 +0.1448 
+2.4592 +10.3260 +0.1548 
+4.4201 +10.3259 +0.1507 
+6.3797 +10.3260 +0.1495 
+8.3397 +10.3255 +0.1467 
+10.3001 +10.3253 +0.1446 
+12.2602 +10.3256 +0.1444 
+14.2197 +10.3259 +0.1475 
+16.1803 +10.3257 +0.1502 
+18.1401 +10.3256 +0.1532 
+20.0999 +10.3256 +0.1649 
+0.4991 +8.6008 +0.1137 
+2.4587 +8.6007 +0.1194 
+4.4200 +8.6006 +0.1180 
+6.3810 +8.6007 +0.1177 
+8.3392 +8.6009 +0.1162 
+10.3000 +8.6010 +0.1153 
+12.2598 +8.6010 +0.1142 
+14.2194 +8.6013 +0.1141 
+16.1793 +8.6008 +0.1160 
+18.1392 +8.6008 +0.1194 
+20.0990 +8.6009 +0.1201 
+0.5001 +6.8764 +0.0659 
+2.4595 +6.8757 +0.0673 
+4.4205 +6.8760 +0.0680 
+6.3799 +6.8764 +0.0728 
+8.3396 +6.8761 +0.0657 
+10.2996 +6.8758 +0.0676 
+12.2605 +6.8757 +0.0655 
+14.2202 +6.8756 +0.0640 
+16.1791 +6.8757 +0.0647 
+18.1401 +6.8753 +0.0653 
+20.0994 +6.8758 +0.0640 
+0.5002 +5.1505 -0.0032 
+2.4596 +5.1506 -0.0027 
+4.4198 +5.1508 -0.0033 
+6.3788 +5.1505 -0.0038 
+8.3401 +5.1508 -0.0047 
+10.2997 +5.1507 -0.0020 
+12.2598 +5.1508 -0.0046 
+14.2209 +5.1505 -0.0061 
+16.1800 +5.1507 -0.0067 
+18.1388 +5.1505 +0.0050 
+20.0997 +5.1508 +0.0007 
+0.5004 +3.4265 -0.0788 
+2.4601 +3.4258 -0.0783 
+4.4193 +3.4261 -0.0800 
+6.3796 +3.4255 -0.0816 
+8.3399 +3.4260 -0.0826 
+10.2993 +3.4262 -0.0820 
+12.2592 +3.4258 -0.0818 
+14.2193 +3.4257 -0.0840 
+16.1798 +3.4255 -0.0860 
+18.1402 +3.4259 -0.0855 
+20.1006 +3.4261 -0.0881 

+0.4992 +22.4003 -0.1232 
+2.4601 +22.4012 -0.1217 
+4.4201 +22.4011 -0.1252 
+6.3795 +22.4012 -0.1241 
+8.3400 +22.4010 -0.1136 
+10.3003 +22.4012 -0.1120 
+12.2605 +22.4010 -0.1110 
+14.2198 +22.4009 -0.1120 
+16.1794 +22.4006 -0.1115 
+18.1403 +22.4006 -0.1071 
+20.0991 +22.4007 -0.1041 
+0.5004 +20.6755 -0.0422 
+2.4586 +20.6757 -0.0420 
+4.4175 +20.6763 -0.0437 
+6.3797 +20.6755 -0.0420 
+8.3397 +20.6758 -0.0383 
+10.3001 +20.6759 -0.0334 
+12.2598 +20.6758 -0.0311 
+14.2206 +20.6759 -0.0307 
+16.1803 +20.6760 -0.0262 
+18.1402 +20.6761 -0.0244 
+20.0987 +20.6761 -0.0249 
+0.5001 +18.9510 +0.0331 
+2.4599 +18.9504 +0.0348 
+4.4197 +18.9510 +0.0339 
+6.3800 +18.9506 +0.0373 
+8.3398 +18.9512 +0.0372 
+10.2998 +18.9513 +0.0399 
+12.2599 +18.9506 +0.0417 
+14.2201 +18.9509 +0.0431 
+16.1804 +18.9509 +0.0451 
+18.1397 +18.9511 +0.0480 
+20.1000 +18.9510 +0.0486 
+0.4999 +17.2260 +0.0981 
+2.4585 +17.2260 +0.1009 
+4.4207 +17.2261 +0.1008 
+6.3806 +17.2260 +0.0997 
+8.3403 +17.2258 +0.1010 
+10.3002 +17.2257 +0.1030 
+12.2604 +17.2252 +0.1040 
+14.2195 +17.2256 +0.1151 
+16.1806 +17.2258 +0.1140 
+18.1396 +17.2261 +0.1168 
+20.0996 +17.2261 +0.1166 
+0.5002 +15.5009 +0.1482 
+2.4595 +15.5009 +0.1493 
+4.4198 +15.5012 +0.1476 
+6.3793 +15.5012 +0.1459 
+8.3404 +15.5009 +0.1453 
+10.3002 +15.5000 +0.1461 
+12.2602 +15.5011 +0.1454 
+14.2196 +15.5011 +0.1449 
+16.1795 +15.5009 +0.1485 
+18.1402 +15.5010 +0.1475 
+20.0993 +15.5009 +0.1438 
+0.5003 +13.7758 +0.1683 
+2.4604 +13.7759 +0.1758 
+4.4195 +13.7761 +0.1684 
+6.3792 +13.7762 +0.1671 
+8.3407 +13.7762 +0.1651 
+10.2995 +13.7760 +0.1632 
+12.2608 +13.7762 +0.1607 
+14.2200 +13.7761 +0.1588 
+16.1805 +13.7762 +0.1594 
+18.1400 +13.7759 +0.1582 
+20.1000 +13.7759 +0.1532 
+0.5003 +12.0508 +0.1613 
+2.4604 +12.0506 +0.1627 
+4.4194 +12.0513 +0.1619 
+6.3798 +12.0510 +0.1641 
+8.3405 +12.0507 +0.1631 
+10.2990 +12.0507 +0.1585 
+12.2596 +12.0512 +0.1562 
+14.2197 +12.0512 +0.1523 
+16.1802 +12.0512 +0.1562 
+18.1400 +12.0509 +0.1554 
+20.1010 +12.0509 +0.1440 
+0.4999 +10.3257 +0.1386 
+2.4605 +10.3263 +0.1399 
+4.4201 +10.3260 +0.1458 
+6.3805 +10.3260 +0.1467 
+8.3396 +10.3262 +0.1454 
+10.2997 +10.3259 +0.1381 
+12.2594 +10.3264 +0.1361 
+14.2203 +10.3258 +0.1334 
+16.1800 +10.3259 +0.1391 
+18.1393 +10.3261 +0.1382 
+20.0993 +10.3260 +0.1241 
+0.4999 +8.6006 +0.1064 
+2.4601 +8.6011 +0.1074 
+4.4201 +8.6011 +0.1069 
+6.3802 +8.6009 +0.1098 
+8.3396 +8.6011 +0.1096 
+10.3001 +8.6015 +0.1017 
+12.2600 +8.6011 +0.0994 
+14.2199 +8.6007 +0.0976 
+16.1804 +8.6008 +0.1029 
+18.1397 +8.6009 +0.1027 
+20.0990 +8.6007 +0.0887 
+0.5000 +6.8758 +0.0482 
+2.4600 +6.8760 +0.0508 
+4.4198 +6.8760 +0.0497 
+6.3774 +6.8757 +0.0507 
+8.3393 +6.8761 +0.0520 
+10.3006 +6.8758 +0.0471 
+12.2597 +6.8760 +0.0449 
+14.2201 +6.8759 +0.0421 
+16.1788 +6.8761 +0.0458 
+18.1403 +6.8762 +0.0462 
+20.0994 +6.8761 +0.0381 
+0.5003 +5.1506 -0.0307 
+2.4587 +5.1509 -0.0302 
+4.4196 +5.1506 -0.0304 
+6.3762 +5.1510 -0.0277 
+8.3396 +5.1513 -0.0262 
+10.3006 +5.1507 -0.0258 
+12.2601 +5.1509 -0.0299 
+14.2204 +5.1510 -0.0293 
+16.1812 +5.1509 -0.0261 
+18.1399 +5.1507 -0.0219 
+20.0998 +5.1506 -0.0407 
+0.5002 +3.4255 -0.1132 
+2.4601 +3.4267 -0.1056 
+4.4199 +3.4262 -0.1028 
+6.3782 +3.4262 -0.1011 
+8.3400 +3.4264 -0.1045 
+10.3004 +3.4259 -0.1060 
+12.2599 +3.4257 -0.1059 
+14.2205 +3.4261 -0.1033 
+16.1791 +3.4261 -0.1017 
+18.1403 +3.4263 -0.1040 
+20.1000 +3.4258 -0.1218 

+0.4970 +22.4003 -0.1033 
+2.4607 +22.4009 -0.1032 
+4.4197 +22.4007 -0.1037 
+6.3797 +22.4007 -0.1052 
+8.3415 +22.4007 -0.1080 
+10.2995 +22.4008 -0.1097 
+12.2606 +22.4008 -0.1131 
+14.2202 +22.4008 -0.1154 
+16.1804 +22.4007 -0.1163 
+18.1398 +22.4004 -0.1146 
+20.0977 +22.4007 -0.1156 
+0.4998 +20.6757 -0.0315 
+2.4596 +20.6757 -0.0151 
+4.4201 +20.6759 -0.0261 
+6.3786 +20.6760 -0.0271 
+8.3400 +20.6755 -0.0281 
+10.3001 +20.6757 -0.0297 
+12.2603 +20.6760 -0.0318 
+14.2202 +20.6759 -0.0345 
+16.1801 +20.6757 -0.0371 
+18.1395 +20.6760 -0.0370 
+20.0999 +20.6760 -0.0321 
+0.4999 +18.9507 +0.0460 
+2.4600 +18.9506 +0.0457 
+4.4203 +18.9510 +0.0469 
+6.3798 +18.9509 +0.0468 
+8.3397 +18.9510 +0.0459 
+10.3005 +18.9500 +0.0452 
+12.2603 +18.9511 +0.0446 
+14.2196 +18.9509 +0.0420 
+16.1802 +18.9508 +0.0382 
+18.1398 +18.9508 +0.0368 
+20.1004 +18.9508 +0.0403 
+0.4996 +17.2251 +0.1065 
+2.4599 +17.2257 +0.1086 
+4.4194 +17.2261 +0.1092 
+6.3797 +17.2254 +0.1098 
+8.3397 +17.2258 +0.1094 
+10.3002 +17.2260 +0.1104 
+12.2598 +17.2257 +0.1091 
+14.2186 +17.2265 +0.1087 
+16.1803 +17.2257 +0.1066 
+18.1400 +17.2257 +0.1035 
+20.1006 +17.2254 +0.1018 
+0.5004 +15.5005 +0.1428 
+2.4603 +15.5007 +0.1429 
+4.4200 +15.5010 +0.1443 
+6.3796 +15.5008 +0.1453 
+8.3392 +15.5009 +0.1465 
+10.3001 +15.5010 +0.1478 
+12.2598 +15.5006 +0.1489 
+14.2204 +15.5008 +0.1477 
+16.1809 +15.5006 +0.1444 
+18.1398 +15.5007 +0.1403 
+20.1001 +15.5011 +0.1382 
+0.5006 +13.7753 +0.1729 
+2.4596 +13.7756 +0.1770 
+4.4198 +13.7759 +0.1779 
+6.3798 +13.7760 +0.1795 
+8.3402 +13.7760 +0.1792 
+10.2991 +13.7759 +0.1778 
+12.2601 +13.7760 +0.1582 
+14.2198 +13.7759 +0.1573 
+16.1807 +13.7758 +0.1600 
+18.1401 +13.7758 +0.1553 
+20.0997 +13.7760 +0.1437 
+0.5004 +12.0506 +0.1450 
+2.4600 +12.0512 +0.1535 
+4.4209 +12.0504 +0.1537 
+6.3799 +12.0506 +0.1536 
+8.3396 +12.0507 +0.1537 
+10.3007 +12.0508 +0.1501 
+12.2601 +12.0507 +0.1483 
+14.2202 +12.0510 +0.1493 
+16.1764 +12.0507 +0.1563 
+18.1397 +12.0508 +0.1526 
+20.1001 +12.0510 +0.1386 
+0.5003 +10.3265 +0.1255 
+2.4599 +10.3259 +0.1348 
+4.4197 +10.3261 +0.1352 
+6.3802 +10.3254 +0.1320 
+8.3401 +10.3258 +0.1399 
+10.3001 +10.3256 +0.1549 
+12.2600 +10.3257 +0.1426 
+14.2199 +10.3254 +0.1397 
+16.1802 +10.3255 +0.1471 
+18.1401 +10.3255 +0.1442 
+20.1002 +10.3256 +0.1303 
+0.4999 +8.6009 +0.1016 
+2.4600 +8.6011 +0.1107 
+4.4204 +8.6012 +0.1051 
+6.3797 +8.6007 +0.0982 
+8.3398 +8.6006 +0.0938 
+10.3015 +8.6007 +0.0891 
+12.2600 +8.6011 +0.0884 
+14.2203 +8.6002 +0.0891 
+16.1804 +8.6003 +0.0972 
+18.1397 +8.6008 +0.0961 
+20.0997 +8.6006 +0.0848 
+0.5001 +6.8762 +0.0385 
+2.4594 +6.8755 +0.0522 
+4.4202 +6.8757 +0.0436 
+6.3798 +6.8757 +0.0395 
+8.3401 +6.8758 +0.0378 
+10.2996 +6.8755 +0.0330 
+12.2602 +6.8757 +0.0332 
+14.2189 +6.8757 +0.0338 
+16.1800 +6.8754 +0.0407 
+18.1402 +6.8757 +0.0403 
+20.1003 +6.8754 +0.0311 
+0.5002 +5.1504 -0.0326 
+2.4601 +5.1509 -0.0270 
+4.4196 +5.1508 -0.0297 
+6.3800 +5.1503 -0.0330 
+8.3401 +5.1508 -0.0350 
+10.3008 +5.1511 -0.0381 
+12.2602 +5.1506 -0.0380 
+14.2197 +5.1509 -0.0358 
+16.1798 +5.1508 -0.0291 
+18.1393 +5.1508 -0.0282 
+20.0995 +5.1506 -0.0335 
+0.5003 +3.4261 -0.1097 
+2.4601 +3.4264 -0.1051 
+4.4189 +3.4265 -0.1062 
+6.3802 +3.4260 -0.1094 
+8.3401 +3.4257 -0.1123 
+10.3000 +3.4259 -0.1136 
+12.2598 +3.4259 -0.1127 
+14.2195 +3.4262 -0.1102 
+16.1801 +3.4262 -0.1048 
+18.1407 +3.4257 -0.1022 
+20.1001 +3.4256 -0.1053 

+0.4990 +22.4003 -0.0973 
+2.4601 +22.4007 -0.0994 
+4.4192 +22.4007 -0.1020 
+6.3797 +22.4002 -0.1047 
+8.3409 +22.4006 -0.1051 
+10.2987 +22.4006 -0.1072 
+12.2595 +22.4011 -0.1113 
+14.2200 +22.4007 -0.1092 
+16.1802 +22.4005 -0.1121 
+18.1393 +22.4009 -0.1142 
+20.0992 +22.4007 -0.1174 
+0.5002 +20.6756 -0.0183 
+2.4602 +20.6763 -0.0209 
+4.4201 +20.6757 -0.0247 
+6.3796 +20.6754 -0.0270 
+8.3398 +20.6757 -0.0295 
+10.2984 +20.6759 -0.0318 
+12.2603 +20.6756 -0.0342 
+14.2201 +20.6760 -0.0361 
+16.1786 +20.6760 -0.0378 
+18.1396 +20.6760 -0.0398 
+20.0998 +20.6757 -0.0451 
+0.5001 +18.9505 +0.0513 
+2.4600 +18.9503 +0.0506 
+4.4184 +18.9506 +0.0465 
+6.3796 +18.9507 +0.0438 
+8.3404 +18.9506 +0.0404 
+10.2997 +18.9510 +0.0383 
+12.2595 +18.9508 +0.0355 
+14.2197 +18.9508 +0.0342 
+16.1800 +18.9508 +0.0335 
+18.1397 +18.9505 +0.0316 
+20.0999 +18.9507 +0.0263 
+0.5001 +17.2263 +0.1105 
+2.4591 +17.2259 +0.1082 
+4.4181 +17.2258 +0.1041 
+6.3793 +17.2260 +0.1000 
+8.3398 +17.2257 +0.0971 
+10.2994 +17.2259 +0.0944 
+12.2599 +17.2257 +0.0931 
+14.2202 +17.2259 +0.0919 
+16.1807 +17.2260 +0.0920 
+18.1399 +17.2259 +0.0918 
+20.1003 +17.2252 +0.0881 
+0.5000 +15.5006 +0.1470 
+2.4597 +15.5007 +0.1454 
+4.4203 +15.5004 +0.1433 
+6.3795 +15.5006 +0.1375 
+8.3399 +15.5009 +0.1332 
+10.3000 +15.5007 +0.1292 
+12.2589 +15.5008 +0.1283 
+14.2195 +15.5008 +0.1286 
+16.1807 +15.5003 +0.1437 
+18.1384 +15.5007 +0.1353 
+20.1003 +15.5009 +0.1294 
+0.5001 +13.7763 +0.1554 
+2.4604 +13.7757 +0.1634 
+4.4200 +13.7757 +0.1571 
+6.3800 +13.7756 +0.1508 
+8.3399 +13.7758 +0.1479 
+10.2994 +13.7755 +0.1439 
+12.2605 +13.7755 +0.1474 
+14.2185 +13.7756 +0.1482 
+16.1796 +13.7760 +0.1532 
+18.1405 +13.7758 +0.1525 
+20.1001 +13.7757 +0.1454 
+0.5000 +12.0508 +0.1462 
+2.4594 +12.0507 +0.1556 
+4.4191 +12.0506 +0.1554 
+6.3796 +12.0509 +0.1492 
+8.3394 +12.0511 +0.1428 
+10.3001 +12.0507 +0.1397 
+12.2610 +12.0510 +0.1386 
+14.2195 +12.0507 +0.1420 
+16.1804 +12.0510 +0.1509 
+18.1394 +12.0510 +0.1495 
+20.0993 +12.0508 +0.1402 
+0.5001 +10.3261 +0.1195 
+2.4599 +10.3257 +0.1315 
+4.4202 +10.3257 +0.1330 
+6.3794 +10.3260 +0.1277 
+8.3404 +10.3257 +0.1217 
+10.3002 +10.3256 +0.1178 
+12.2606 +10.3255 +0.1176 
+14.2196 +10.3254 +0.1217 
+16.1803 +10.3259 +0.1322 
+18.1395 +10.3262 +0.1361 
+20.0999 +10.3259 +0.1239 
+0.5001 +8.6013 +0.0799 
+2.4601 +8.6008 +0.0928 
+4.4190 +8.6008 +0.0945 
+6.3768 +8.6008 +0.0908 
+8.3404 +8.6013 +0.0847 
+10.3000 +8.6011 +0.0813 
+12.2598 +8.6011 +0.0815 
+14.2206 +8.6005 +0.0854 
+16.1800 +8.6008 +0.0969 
+18.1398 +8.6006 +0.0995 
+20.0985 +8.6012 +0.0927 
+0.5001 +6.8758 +0.0234 
+2.4602 +6.8755 +0.0362 
+4.4200 +6.8761 +0.0391 
+6.3808 +6.8758 +0.0367 
+8.3392 +6.8757 +0.0321 
+10.2995 +6.8755 +0.0291 
+12.2592 +6.8760 +0.0310 
+14.2205 +6.8755 +0.0348 
+16.1791 +6.8760 +0.0456 
+18.1397 +6.8763 +0.0493 
+20.0997 +6.8756 +0.0441 
+0.5002 +5.1517 -0.0440 
+2.4601 +5.1504 -0.0325 
+4.4195 +5.1506 -0.0300 
+6.3800 +5.1507 -0.0319 
+8.3394 +5.1510 -0.0350 
+10.2991 +5.1507 -0.0358 
+12.2600 +5.1507 -0.0338 
+14.2200 +5.1507 -0.0293 
+16.1803 +5.1503 -0.0182 
+18.1397 +5.1506 -0.0169 
+20.1001 +5.1507 -0.0205 
+0.5003 +3.4248 -0.1173 
+2.4582 +3.4262 -0.1080 
+4.4191 +3.4262 -0.1034 
+6.3797 +3.4264 -0.1050 
+8.3406 +3.4257 -0.1072 
+10.2997 +3.4257 -0.1068 
+12.2596 +3.4262 -0.1035 
+14.2208 +3.4256 -0.0964 
+16.1808 +3.4260 -0.0910 
+18.1401 +3.4258 -0.0882 
+20.1003 +3.4264 -0.0955 

+0.5000 +22.4003 -0.0969 
+2.4599 +22.4005 -0.0968 
+4.4192 +22.4009 -0.1015 
+6.3786 +22.4005 -0.1020 
+8.3395 +22.4005 -0.1017 
+10.2999 +22.4009 -0.1062 
+12.2602 +22.4005 -0.1074 
+14.2195 +22.3998 -0.1104 
+16.1771 +22.4004 -0.1130 
+18.1406 +22.4009 -0.1063 
+20.0994 +22.4009 -0.1192 
+0.5003 +20.6751 -0.0246 
+2.4579 +20.6758 -0.0213 
+4.4208 +20.6759 -0.0259 
+6.3796 +20.6757 -0.0280 
+8.3400 +20.6757 -0.0320 
+10.2998 +20.6752 -0.0326 
+12.2596 +20.6755 -0.0334 
+14.2202 +20.6757 -0.0354 
+16.1800 +20.6759 -0.0360 
+18.1385 +20.6760 -0.0358 
+20.0994 +20.6758 -0.0338 
+0.5002 +18.9502 +0.0475 
+2.4589 +18.9505 +0.0480 
+4.4199 +18.9505 +0.0443 
+6.3790 +18.9508 +0.0404 
+8.3393 +18.9510 +0.0482 
+10.2999 +18.9512 +0.0426 
+12.2597 +18.9506 +0.0372 
+14.2198 +18.9507 +0.0361 
+16.1801 +18.9508 +0.0364 
+18.1407 +18.9508 +0.0373 
+20.0994 +18.9504 +0.0354 
+0.4996 +17.2257 +0.1083 
+2.4601 +17.2261 +0.1094 
+4.4206 +17.2258 +0.1031 
+6.3791 +17.2256 +0.1015 
+8.3398 +17.2260 +0.0969 
+10.3005 +17.2259 +0.0967 
+12.2580 +17.2261 +0.0947 
+14.2195 +17.2261 +0.0926 
+16.1793 +17.2257 +0.0931 
+18.1403 +17.2258 +0.0960 
+20.0999 +17.2260 +0.0942 
+0.4999 +15.5001 +0.1378 
+2.4602 +15.5005 +0.1423 
+4.4197 +15.5008 +0.1418 
+6.3801 +15.5009 +0.1387 
+8.3389 +15.5011 +0.1319 
+10.3001 +15.5009 +0.1317 
+12.2604 +15.5011 +0.1321 
+14.2198 +15.5010 +0.1309 
+16.1804 +15.5010 +0.1311 
+18.1398 +15.5006 +0.1307 
+20.1005 +15.5011 +0.1268 
+0.5002 +13.7758 +0.1477 
+2.4599 +13.7754 +0.1589 
+4.4187 +13.7763 +0.1568 
+6.3795 +13.7764 +0.1580 
+8.3403 +13.7763 +0.1530 
+10.2998 +13.7758 +0.1513 
+12.2579 +13.7754 +0.1530 
+14.2201 +13.7756 +0.1550 
+16.1799 +13.7759 +0.1561 
+18.1401 +13.7756 +0.1540 
+20.1016 +13.7760 +0.1486 
+0.4996 +12.0501 +0.1422 
+2.4595 +12.0508 +0.1569 
+4.4199 +12.0513 +0.1526 
+6.3801 +12.0510 +0.1547 
+8.3392 +12.0510 +0.1532 
+10.2998 +12.0510 +0.1479 
+12.2603 +12.0508 +0.1490 
+14.2188 +12.0510 +0.1531 
+16.1803 +12.0512 +0.1584 
+18.1399 +12.0507 +0.1574 
+20.1000 +12.0508 +0.1475 
+0.5003 +10.3254 +0.1277 
+2.4585 +10.3258 +0.1391 
+4.4203 +10.3259 +0.1395 
+6.3799 +10.3261 +0.1379 
+8.3413 +10.3257 +0.1369 
+10.2993 +10.3259 +0.1302 
+12.2591 +10.3259 +0.1309 
+14.2193 +10.3262 +0.1330 
+16.1801 +10.3262 +0.1426 
+18.1402 +10.3257 +0.1415 
+20.0982 +10.3259 +0.1366 
+0.5003 +8.6011 +0.0901 
+2.4606 +8.6007 +0.1060 
+4.4200 +8.6008 +0.1005 
+6.3797 +8.6007 +0.1040 
+8.3386 +8.6009 +0.1042 
+10.2997 +8.6006 +0.1009 
+12.2602 +8.6011 +0.0995 
+14.2200 +8.6006 +0.1000 
+16.1809 +8.6007 +0.1072 
+18.1394 +8.6008 +0.1065 
+20.0999 +8.6012 +0.0930 
+0.4999 +6.8753 +0.0399 
+2.4600 +6.8759 +0.0615 
+4.4192 +6.8759 +0.0538 
+6.3801 +6.8760 +0.0552 
+8.3395 +6.8760 +0.0561 
+10.2999 +6.8760 +0.0502 
+12.2594 +6.8755 +0.0458 
+14.2192 +6.8753 +0.0456 
+16.1804 +6.8753 +0.0525 
+18.1409 +6.8751 +0.0513 
+20.1006 +6.8757 +0.0412 
+0.4999 +5.1501 -0.0338 
+2.4600 +5.1506 -0.0180 
+4.4193 +5.1508 -0.0181 
+6.3790 +5.1508 -0.0162 
+8.3408 +5.1507 -0.0196 
+10.3008 +5.1508 -0.0222 
+12.2592 +5.1508 -0.0241 
+14.2198 +5.1502 -0.0248 
+16.1787 +5.1500 -0.0205 
+18.1396 +5.1506 -0.0139 
+20.0991 +5.1502 -0.0244 
+0.5003 +3.4252 -0.1129 
+2.4598 +3.4256 -0.0977 
+4.4200 +3.4256 -0.0945 
+6.3805 +3.4260 -0.0966 
+8.3401 +3.4261 -0.0997 
+10.2999 +3.4259 -0.1020 
+12.2601 +3.4257 -0.1021 
+14.2195 +3.4260 -0.1030 
+16.1793 +3.4257 -0.0998 
+18.1383 +3.4258 -0.0952 
+20.0996 +3.4262 -0.1033 

+0.5005 +22.4003 -0.0966 
+2.4592 +22.4006 -0.0943 
+4.4201 +22.4005 -0.0935 
+6.3797 +22.4008 -0.0780 
+8.3394 +22.4010 -0.0895 
+10.3001 +22.4007 -0.0974 
+12.2598 +22.4007 -0.0986 
+14.2204 +22.4008 -0.1010 
+16.1797 +22.4011 -0.0446 
+18.1403 +22.4007 -0.0817 
+20.0998 +22.4003 -0.1010 
+0.4997 +20.6750 -0.0277 
+2.4606 +20.6755 -0.0231 
+4.4197 +20.6757 -0.0232 
+6.3789 +20.6760 -0.0253 
+8.3399 +20.6758 -0.0280 
+10.3020 +20.6752 -0.0307 
+12.2617 +20.6753 -0.0332 
+14.2191 +20.6759 -0.0357 
+16.1799 +20.6757 -0.0382 
+18.1398 +20.6756 -0.0394 
+20.0998 +20.6757 -0.0430 
+0.5000 +18.9503 +0.0858 
+2.4591 +18.9513 +0.0446 
+4.4216 +18.9508 +0.0428 
+6.3798 +18.9509 +0.0379 
+8.3397 +18.9509 +0.0331 
+10.2999 +18.9508 +0.0300 
+12.2601 +18.9507 +0.0275 
+14.2184 +18.9504 +0.0248 
+16.1796 +18.9505 +0.0263 
+18.1413 +18.9511 +0.0232 
+20.0999 +18.9509 +0.0201 
+0.4999 +17.2258 +0.0973 
+2.4601 +17.2256 +0.0991 
+4.4204 +17.2259 +0.0962 
+6.3799 +17.2255 +0.0909 
+8.3393 +17.2255 +0.0837 
+10.3007 +17.2257 +0.0796 
+12.2596 +17.2259 +0.0772 
+14.2199 +17.2254 +0.0760 
+16.1805 +17.2262 +0.0746 
+18.1405 +17.2259 +0.0751 
+20.0986 +17.2254 +0.0729 
+0.5003 +15.5002 +0.1316 
+2.4598 +15.5007 +0.1359 
+4.4197 +15.5004 +0.1325 
+6.3803 +15.5007 +0.1293 
+8.3399 +15.5007 +0.1213 
+10.3008 +15.5006 +0.1158 
+12.2601 +15.5008 +0.1139 
+14.2199 +15.5009 +0.1147 
+16.1788 +15.5008 +0.1165 
+18.1401 +15.5009 +0.1177 
+20.0987 +15.5009 +0.1141 
+0.5008 +13.7750 +0.1482 
+2.4616 +13.7756 +0.1531 
+4.4204 +13.7757 +0.1496 
+6.3793 +13.7759 +0.1474 
+8.3394 +13.7755 +0.1412 
+10.2999 +13.7760 +0.1341 
+12.2597 +13.7761 +0.1328 
+14.2192 +13.7762 +0.1365 
+16.1801 +13.7756 +0.1415 
+18.1404 +13.7755 +0.1409 
+20.0996 +13.7758 +0.1358 
+0.5005 +12.0502 +0.1460 
+2.4607 +12.0507 +0.1532 
+4.4200 +12.0505 +0.1501 
+6.3798 +12.0508 +0.1453 
+8.3393 +12.0514 +0.1391 
+10.2993 +12.0506 +0.1314 
+12.2606 +12.0505 +0.1305 
+14.2204 +12.0507 +0.1464 
+16.1813 +12.0511 +0.1529 
+18.1408 +12.0502 +0.1441 
+20.0997 +12.0504 +0.1324 
+0.5000 +10.3247 +0.1279 
+2.4603 +10.3257 +0.1345 
+4.4203 +10.3258 +0.1313 
+6.3805 +10.3257 +0.1280 
+8.3401 +10.3258 +0.1217 
+10.2998 +10.3260 +0.1148 
+12.2595 +10.3256 +0.1160 
+14.2200 +10.3256 +0.1241 
+16.1789 +10.3258 +0.1321 
+18.1392 +10.3260 +0.1278 
+20.0993 +10.3261 +0.1180 
+0.5003 +8.5997 +0.0906 
+2.4596 +8.6008 +0.0986 
+4.4208 +8.6008 +0.0961 
+6.3803 +8.6008 +0.0945 
+8.3382 +8.6011 +0.0894 
+10.3006 +8.6013 +0.0882 
+12.2605 +8.6010 +0.0864 
+14.2190 +8.6007 +0.0924 
+16.1800 +8.6006 +0.1011 
+18.1398 +8.6007 +0.0980 
+20.0998 +8.6008 +0.0903 
+0.5003 +6.8750 +0.0421 
+2.4596 +6.8752 +0.0806 
+4.4203 +6.8755 +0.0431 
+6.3798 +6.8755 +0.0418 
+8.3394 +6.8755 +0.0388 
+10.2997 +6.8756 +0.0354 
+12.2602 +6.8758 +0.0369 
+14.2200 +6.8757 +0.0404 
+16.1799 +6.8762 +0.0481 
+18.1400 +6.8762 +0.0483 
+20.0995 +6.8761 +0.0427 
+0.5002 +5.1498 -0.0348 
+2.4610 +5.1502 -0.0257 
+4.4205 +5.1501 -0.0251 
+6.3788 +5.1505 -0.0244 
+8.3396 +5.1504 -0.0280 
+10.3003 +5.1504 -0.0297 
+12.2596 +5.1509 -0.0282 
+14.2196 +5.1505 -0.0240 
+16.1792 +5.1511 -0.0176 
+18.1400 +5.1507 -0.0167 
+20.1003 +5.1506 -0.0212 
+0.5003 +3.4251 -0.1155 
+2.4603 +3.4261 -0.1027 
+4.4189 +3.4259 -0.0989 
+6.3799 +3.4258 -0.1005 
+8.3401 +3.4256 -0.1016 
+10.2993 +3.4260 -0.1009 
+12.2600 +3.4261 -0.0948 
+14.2193 +3.4259 -0.0922 
+16.1801 +3.4261 -0.0879 
+18.1397 +3.4260 -0.0873 
+20.1002 +3.4259 -0.0916 

+0.4987 +22.4001 -0.0642 
+2.4593 +22.4006 -0.0294 
+4.4195 +22.4004 -0.0931 
+6.3799 +22.4002 -0.0950 
+8.3396 +22.4002 -0.0981 
+10.3000 +22.4003 -0.0988 
+12.2589 +22.4001 -0.0968 
+14.2205 +22.4003 -0.0466 
+16.1774 +22.4006 -0.1011 
+18.1406 +22.4006 -0.0791 
+20.0997 +22.4007 -0.0957 
+0.5001 +20.6751 -0.0270 
+2.4598 +20.6754 -0.0264 
+4.4194 +20.6756 -0.0275 
+6.3796 +20.6756 -0.0292 
+8.3399 +20.6753 -0.0299 
+10.2999 +20.6755 -0.0313 
+12.2605 +20.6753 -0.0325 
+14.2195 +20.6754 -0.0348 
+16.1796 +20.6756 -0.0377 
+18.1397 +20.6757 -0.0408 
+20.0994 +20.6756 -0.0445 
+0.4996 +18.9502 +0.0319 
+2.4604 +18.9506 +0.0323 
+4.4202 +18.9501 +0.0326 
+6.3796 +18.9502 +0.0333 
+8.3400 +18.9503 +0.0372 
+10.2997 +18.9504 +0.0309 
+12.2594 +18.9506 +0.0295 
+14.2210 +18.9505 +0.0268 
+16.1800 +18.9505 +0.0234 
+18.1401 +18.9502 +0.0216 
+20.0998 +18.9505 +0.0182 
+0.5002 +17.2248 +0.0791 
+2.4599 +17.2258 +0.0795 
+4.4205 +17.2255 +0.0815 
+6.3805 +17.2254 +0.0863 
+8.3391 +17.2255 +0.0828 
+10.3004 +17.2253 +0.0813 
+12.2601 +17.2254 +0.0809 
+14.2210 +17.2256 +0.0821 
+16.1797 +17.2253 +0.0791 
+18.1398 +17.2254 +0.0788 
+20.1002 +17.2256 +0.0774 
+0.5001 +15.4999 +0.1146 
+2.4609 +15.5009 +0.1165 
+4.4197 +15.5000 +0.1169 
+6.3807 +15.5000 +0.1226 
+8.3393 +15.5004 +0.1203 
+10.2968 +15.5003 +0.1167 
+12.2595 +15.5002 +0.1172 
+14.2203 +15.5006 +0.1193 
+16.1797 +15.5005 +0.1210 
+18.1395 +15.5003 +0.1227 
+20.0996 +15.5004 +0.1202 
+0.5001 +13.7748 +0.1340 
+2.4600 +13.7743 +0.1399 
+4.4198 +13.7757 +0.1362 
+6.3795 +13.7756 +0.1385 
+8.3400 +13.7757 +0.1424 
+10.2999 +13.7754 +0.1329 
+12.2605 +13.7758 +0.1331 
+14.2206 +13.7756 +0.1365 
+16.1805 +13.7755 +0.1452 
+18.1394 +13.7759 +0.1464 
+20.0998 +13.7753 +0.1411 
+0.4999 +12.0499 +0.1311 
+2.4597 +12.0504 +0.1409 
+4.4206 +12.0504 +0.1373 
+6.3803 +12.0507 +0.1370 
+8.3396 +12.0505 +0.1353 
+10.2969 +12.0504 +0.1311 
+12.2591 +12.0505 +0.1320 
+14.2195 +12.0503 +0.1375 
+16.1799 +12.0508 +0.1498 
+18.1392 +12.0503 +0.1519 
+20.1000 +12.0505 +0.1385 
+0.5003 +10.3257 +0.1116 
+2.4604 +10.3257 +0.1229 
+4.4197 +10.3255 +0.1214 
+6.3788 +10.3252 +0.1217 
+8.3403 +10.3256 +0.1207 
+10.2995 +10.3256 +0.1174 
+12.2601 +10.3251 +0.1218 
+14.2197 +10.3252 +0.1262 
+16.1795 +10.3255 +0.1352 
+18.1380 +10.3257 +0.1349 
+20.0999 +10.3256 +0.1250 
+0.5001 +8.6003 +0.0781 
+2.4601 +8.6001 +0.0900 
+4.4197 +8.6008 +0.0888 
+6.3797 +8.6003 +0.0925 
+8.3397 +8.6004 +0.0935 
+10.2998 +8.6001 +0.0889 
+12.2600 +8.6004 +0.0922 
+14.2205 +8.6008 +0.0959 
+16.1796 +8.6002 +0.1035 
+18.1402 +8.6001 +0.1095 
+20.1012 +8.6006 +0.0994 
+0.4999 +6.8756 +0.0308 
+2.4601 +6.8760 +0.0411 
+4.4198 +6.8757 +0.0401 
+6.3793 +6.8757 +0.0437 
+8.3393 +6.8760 +0.0438 
+10.2995 +6.8756 +0.0395 
+12.2590 +6.8757 +0.0408 
+14.2202 +6.8753 +0.0453 
+16.1798 +6.8760 +0.0535 
+18.1387 +6.8752 +0.0534 
+20.1004 +6.8751 +0.0455 
+0.4994 +5.1504 -0.0337 
+2.4596 +5.1510 -0.0246 
+4.4210 +5.1505 -0.0114 
+6.3796 +5.1502 -0.0148 
+8.3397 +5.1504 -0.0158 
+10.2995 +5.1505 -0.0178 
+12.2606 +5.1503 -0.0152 
+14.2209 +5.1503 -0.0113 
+16.1804 +5.1504 -0.0046 
+18.1392 +5.1506 -0.0053 
+20.0997 +5.1504 -0.0153 
+0.5002 +3.4251 -0.0994 
+2.4599 +3.4251 -0.0891 
+4.4197 +3.4254 -0.0868 
+6.3776 +3.4260 -0.0888 
+8.3404 +3.4258 -0.0905 
+10.2997 +3.4252 -0.0907 
+12.2606 +3.4255 -0.0883 
+14.2197 +3.4255 -0.0849 
+16.1797 +3.4254 -0.0797 
+18.1403 +3.4259 -0.0801 
+20.1020 +3.4255 -0.0902 

+0.5008 +22.4004 -0.0784 
+2.4592 +22.4008 -0.0769 
+4.4198 +22.4008 -0.0821 
+6.3793 +22.4010 -0.0846 
+8.3402 +22.4010 -0.0884 
+10.2999 +22.4009 -0.0919 
+12.2607 +22.4008 -0.0944 
+14.2193 +22.4007 -0.0972 
+16.1788 +22.4006 -0.1004 
+18.1398 +22.4007 -0.1042 
+20.1017 +22.4004 -0.1132 
+0.5003 +20.6750 -0.0125 
+2.4586 +20.6756 -0.0119 
+4.4200 +20.6755 -0.0137 
+6.3815 +20.6757 -0.0169 
+8.3397 +20.6757 -0.0222 
+10.3007 +20.6757 -0.0246 
+12.2601 +20.6759 -0.0257 
+14.2153 +20.6759 -0.0282 
+16.1801 +20.6756 -0.0311 
+18.1390 +20.6753 -0.0360 
+20.0961 +20.6753 -0.0456 
+0.5000 +18.9503 +0.0448 
+2.4593 +18.9503 +0.0462 
+4.4191 +18.9508 +0.0476 
+6.3792 +18.9508 +0.0480 
+8.3400 +18.9503 +0.0407 
+10.3002 +18.9505 +0.1277 
+12.2596 +18.9502 +0.0396 
+14.2188 +18.9505 +0.0370 
+16.1806 +18.9503 +0.0346 
+18.1397 +18.9504 +0.0294 
+20.0998 +18.9503 +0.0196 
+0.4998 +17.2251 +0.1002 
+2.4597 +17.2251 +0.0993 
+4.4203 +17.2256 +0.0993 
+6.3796 +17.2257 +0.1058 
+8.3398 +17.2256 +0.0981 
+10.2985 +17.2256 +0.0954 
+12.2599 +17.2254 +0.0956 
+14.2213 +17.2257 +0.0958 
+16.1802 +17.2254 +0.0939 
+18.1400 +17.2255 +0.0896 
+20.0999 +17.2257 +0.0815 
+0.4998 +15.5002 +0.1374 
+2.4596 +15.5006 +0.1383 
+4.4207 +15.5006 +0.1357 
+6.3796 +15.5007 +0.1407 
+8.3400 +15.5009 +0.1363 
+10.3007 +15.5008 +0.1310 
+12.2599 +15.5009 +0.1324 
+14.2194 +15.5007 +0.1329 
+16.1801 +15.5006 +0.1329 
+18.1401 +15.5006 +0.1298 
+20.0998 +15.5007 +0.1229 
+0.5003 +13.7753 +0.1575 
+2.4600 +13.7756 +0.1636 
+4.4206 +13.7757 +0.1575 
+6.3801 +13.7755 +0.1589 
+8.3391 +13.7756 +0.1540 
+10.3011 +13.7755 +0.1496 
+12.2589 +13.7754 +0.1487 
+14.2190 +13.7757 +0.1471 
+16.1793 +13.7754 +0.1530 
+18.1410 +13.7755 +0.1506 
+20.0997 +13.7755 +0.1405 
+0.5001 +12.0503 +0.1486 
+2.4595 +12.0508 +0.1615 
+4.4188 +12.0507 +0.1576 
+6.3804 +12.0506 +0.1556 
+8.3399 +12.0508 +0.1498 
+10.3006 +12.0503 +0.1448 
+12.2593 +12.0504 +0.1447 
+14.2197 +12.0507 +0.1454 
+16.1799 +12.0505 +0.1541 
+18.1399 +12.0504 +0.1503 
+20.0994 +12.0508 +0.1366 
+0.5004 +10.3252 +0.1259 
+2.4604 +10.3255 +0.1395 
+4.4197 +10.3255 +0.1359 
+6.3803 +10.3253 +0.1331 
+8.3414 +10.3256 +0.1296 
+10.3017 +10.3254 +0.1253 
+12.2592 +10.3254 +0.1244 
+14.2195 +10.3255 +0.1269 
+16.1799 +10.3255 +0.1369 
+18.1404 +10.3255 +0.1331 
+20.0997 +10.3258 +0.1194 
+0.4999 +8.5997 +0.0907 
+2.4603 +8.6001 +0.1015 
+4.4191 +8.6005 +0.0962 
+6.3801 +8.6004 +0.0956 
+8.3402 +8.6006 +0.0918 
+10.3007 +8.6000 +0.0900 
+12.2600 +8.6005 +0.0899 
+14.2201 +8.6002 +0.0926 
+16.1798 +8.6009 +0.1032 
+18.1384 +8.6008 +0.1091 
+20.1008 +8.6003 +0.0931 
+0.5000 +6.8751 +0.0342 
+2.4597 +6.8758 +0.0484 
+4.4205 +6.8752 +0.0398 
+6.3799 +6.8754 +0.0439 
+8.3398 +6.8752 +0.0409 
+10.2998 +6.8754 +0.0390 
+12.2600 +6.8757 +0.0390 
+14.2198 +6.8755 +0.0423 
+16.1794 +6.8752 +0.0526 
+18.1419 +6.8753 +0.0531 
+20.1019 +6.8755 +0.0464 
+0.5000 +5.1500 -0.0394 
+2.4604 +5.1503 -0.0309 
+4.4197 +5.1505 -0.0356 
+6.3802 +5.1504 -0.0326 
+8.3395 +5.1502 -0.0318 
+10.3000 +5.1501 -0.0277 
+12.2587 +5.1507 -0.0273 
+14.2194 +5.1506 -0.0201 
+16.1791 +5.1504 -0.0108 
+18.1386 +5.1507 -0.0085 
+20.0981 +5.1505 -0.0125 
+0.4992 +3.4254 -0.1234 
+2.4602 +3.4256 -0.1155 
+4.4204 +3.4258 -0.1125 
+6.3801 +3.4255 -0.1165 
+8.3401 +3.4260 -0.1119 
+10.2996 +3.4258 -0.1086 
+12.2604 +3.4257 -0.1008 
+14.2197 +3.4258 -0.0904 
+16.1807 +3.4258 -0.0802 
+18.1382 +3.4258 -0.0721 
+20.1000 +3.4258 -0.0795 

+0.4989 +22.3999 -0.0728 
+2.4562 +22.3999 -0.0784 
+4.4201 +22.3998 -0.0567 
+6.3791 +22.4000 -0.0699 
+8.3391 +22.4001 -0.0861 
+10.2999 +22.3999 -0.0879 
+12.2597 +22.4000 -0.0897 
+14.2217 +22.4000 -0.0895 
+16.1800 +22.4000 -0.0957 
+18.1395 +22.4001 -0.0964 
+20.0994 +22.3999 -0.0649 
+0.5000 +20.6754 -0.0110 
+2.4595 +20.6748 -0.0186 
+4.4197 +20.6750 -0.0234 
+6.3810 +20.6750 -0.0251 
+8.3402 +20.6747 -0.0272 
+10.3001 +20.6750 -0.0305 
+12.2588 +20.6749 -0.0340 
+14.2208 +20.6750 -0.0380 
+16.1802 +20.6749 -0.0406 
+18.1401 +20.6749 -0.0400 
+20.1006 +20.6750 -0.0390 
+0.4995 +18.9499 +0.0456 
+2.4579 +18.9499 +0.0399 
+4.4200 +18.9498 +0.0332 
+6.3807 +18.9500 +0.0318 
+8.3403 +18.9498 +0.0292 
+10.3001 +18.9498 +0.0250 
+12.2596 +18.9500 +0.0204 
+14.2207 +18.9499 +0.0170 
+16.1804 +18.9494 +0.0170 
+18.1394 +18.9498 +0.0163 
+20.0996 +18.9499 +0.0138 
+0.5002 +17.2252 +0.0971 
+2.4604 +17.2249 +0.0915 
+4.4205 +17.2248 +0.0857 
+6.3802 +17.2251 +0.0845 
+8.3404 +17.2248 +0.0791 
+10.2980 +17.2250 +0.0752 
+12.2615 +17.2249 +0.0722 
+14.2195 +17.2249 +0.0684 
+16.1808 +17.2244 +0.0700 
+18.1371 +17.2249 +0.0696 
+20.0998 +17.2249 +0.0654 
+0.5001 +15.5004 +0.1318 
+2.4600 +15.5000 +0.1285 
+4.4197 +15.5000 +0.1329 
+6.3815 +15.4999 +0.1255 
+8.3404 +15.4999 +0.1181 
+10.2975 +15.5000 +0.1125 
+12.2605 +15.5001 +0.1116 
+14.2194 +15.4999 +0.1102 
+16.1803 +15.4999 +0.1113 
+18.1386 +15.5000 +0.1098 
+20.0989 +15.4998 +0.1026 
+0.5002 +13.7752 +0.1487 
+2.4608 +13.7747 +0.1510 
+4.4188 +13.7748 +0.1455 
+6.3799 +13.7748 +0.1400 
+8.3408 +13.7750 +0.1325 
+10.2999 +13.7750 +0.1275 
+12.2598 +13.7750 +0.1270 
+14.2192 +13.7748 +0.1273 
+16.1807 +13.7743 +0.1312 
+18.1386 +13.7751 +0.1276 
+20.0994 +13.7750 +0.1191 
+0.5005 +12.0501 +0.1396 
+2.4607 +12.0497 +0.1477 
+4.4200 +12.0498 +0.1455 
+6.3799 +12.0500 +0.1386 
+8.3400 +12.0498 +0.1304 
+10.2993 +12.0500 +0.1257 
+12.2596 +12.0501 +0.1245 
+14.2185 +12.0500 +0.1266 
+16.1797 +12.0499 +0.1331 
+18.1404 +12.0499 +0.1304 
+20.0996 +12.0500 +0.1275 
+0.5001 +10.3251 +0.1158 
+2.4603 +10.3248 +0.1264 
+4.4201 +10.3249 +0.1259 
+6.3801 +10.3248 +0.1195 
+8.3394 +10.3250 +0.1123 
+10.2998 +10.3249 +0.1082 
+12.2598 +10.3249 +0.1089 
+14.2199 +10.3250 +0.1136 
+16.1814 +10.3250 +0.1221 
+18.1405 +10.3248 +0.1196 
+20.0986 +10.3248 +0.1100 
+0.4991 +8.6002 +0.0789 
+2.4603 +8.5998 +0.0908 
+4.4198 +8.5999 +0.0909 
+6.3799 +8.5998 +0.0854 
+8.3395 +8.6001 +0.0805 
+10.2995 +8.5999 +0.0800 
+12.2601 +8.5999 +0.0831 
+14.2200 +8.5997 +0.0889 
+16.1814 +8.5999 +0.0971 
+18.1400 +8.6000 +0.0948 
+20.0995 +8.6001 +0.0855 
+0.4998 +6.8750 +0.0278 
+2.4591 +6.8747 +0.0389 
+4.4200 +6.8747 +0.0385 
+6.3783 +6.8743 +0.0352 
+8.3403 +6.8751 +0.0336 
+10.2956 +6.8750 +0.0346 
+12.2603 +6.8750 +0.0393 
+14.2202 +6.8749 +0.0455 
+16.1799 +6.8752 +0.0546 
+18.1398 +6.8749 +0.0527 
+20.0998 +6.8749 +0.0432 
+0.5000 +5.1500 -0.0427 
+2.4600 +5.1501 -0.0318 
+4.4198 +5.1495 -0.0311 
+6.3803 +5.1496 -0.0323 
+8.3391 +5.1499 -0.0298 
+10.3003 +5.1500 -0.0251 
+12.2606 +5.1501 -0.0184 
+14.2200 +5.1500 -0.0106 
+16.1801 +5.1500 -0.0030 
+18.1385 +5.1499 -0.0055 
+20.1001 +5.1498 +0.0146 
+0.5000 +3.4249 -0.0952 
+2.4587 +3.4256 -0.0854 
+4.4196 +3.4246 -0.0826 
+6.3798 +3.4249 -0.0820 
+8.3392 +3.4250 -0.0763 
+10.2993 +3.4249 -0.0677 
+12.2601 +3.4249 -0.0583 
+14.2212 +3.4250 -0.0512 
+16.1797 +3.4249 -0.0469 
+18.1396 +3.4249 -0.0497 
+20.0998 +3.4249 -0.0599 

+0.4989 +22.4002 -0.0589 
+2.4595 +22.3999 -0.0494 
+4.4182 +22.4003 -0.0439 
+6.3801 +22.4003 -0.0406 
+8.3396 +22.4002 -0.0396 
+10.3003 +22.4005 -0.0408 
+12.2599 +22.4005 -0.0449 
+14.2217 +22.4004 -0.0522 
+16.1795 +22.4006 -0.0646 
+18.1400 +22.4006 -0.0795 
+20.0998 +22.4008 -0.1026 
+0.5007 +20.6756 -0.0216 
+2.4597 +20.6755 -0.0115 
+4.4192 +20.6751 -0.0048 
+6.3803 +20.6747 -0.0002 
+8.3416 +20.6750 +0.0013 
+10.2997 +20.6752 -0.0004 
+12.2590 +20.6749 -0.0045 
+14.2204 +20.6754 -0.0101 
+16.1799 +20.6754 -0.0213 
+18.1402 +20.6751 -0.0392 
+20.0990 +20.6751 -0.0634 
+0.5002 +18.9499 +0.0260 
+2.4593 +18.9502 +0.0351 
+4.4190 +18.9502 +0.0411 
+6.3798 +18.9500 +0.0473 
+8.3396 +18.9501 +0.0493 
+10.2999 +18.9503 +0.0465 
+12.2611 +18.9503 +0.0431 
+14.2199 +18.9506 +0.0376 
+16.1804 +18.9503 +0.0267 
+18.1395 +18.9502 +0.0095 
+20.1000 +18.9499 -0.0184 
+0.4998 +17.2259 +0.0683 
+2.4593 +17.2254 +0.0773 
+4.4203 +17.2252 +0.0834 
+6.3797 +17.2253 +0.0907 
+8.3406 +17.2252 +0.0906 
+10.3000 +17.2252 +0.0885 
+12.2587 +17.2253 +0.0856 
+14.2202 +17.2246 +0.0830 
+16.1790 +17.2249 +0.0743 
+18.1400 +17.2252 +0.0598 
+20.1006 +17.2253 +0.0344 
+0.5001 +15.5003 +0.0959 
+2.4604 +15.5003 +0.1058 
+4.4195 +15.5002 +0.1122 
+6.3793 +15.4994 +0.1202 
+8.3400 +15.4997 +0.1196 
+10.2990 +15.4998 +0.1168 
+12.2594 +15.4999 +0.1150 
+14.2203 +15.5001 +0.1140 
+16.1791 +15.5001 +0.1111 
+18.1401 +15.5004 +0.1010 
+20.1000 +15.5002 +0.0800 
+0.5005 +13.7754 +0.1077 
+2.4601 +13.7750 +0.1225 
+4.4208 +13.7751 +0.1273 
+6.3805 +13.7753 +0.1345 
+8.3398 +13.7748 +0.1347 
+10.2998 +13.7747 +0.1322 
+12.2592 +13.7745 +0.1329 
+14.2200 +13.7751 +0.1342 
+16.1803 +13.7748 +0.1358 
+18.1403 +13.7752 +0.1276 
+20.1005 +13.7754 +0.1113 
+0.4998 +12.0505 +0.1045 
+2.4601 +12.0504 +0.1223 
+4.4212 +12.0501 +0.1500 
+6.3798 +12.0501 +0.1543 
+8.3414 +12.0501 +0.1572 
+10.2996 +12.0501 +0.1562 
+12.2598 +12.0500 +0.1566 
+14.2205 +12.0499 +0.1591 
+16.1804 +12.0502 +0.1643 
+18.1401 +12.0504 +0.1580 
+20.0992 +12.0501 +0.1429 
+0.5001 +10.3253 +0.1081 
+2.4600 +10.3253 +0.1265 
+4.4197 +10.3251 +0.1318 
+6.3802 +10.3250 +0.1374 
+8.3408 +10.3250 +0.1416 
+10.2989 +10.3247 +0.1427 
+12.2582 +10.3250 +0.1438 
+14.2200 +10.3252 +0.1468 
+16.1809 +10.3252 +0.1532 
+18.1398 +10.3251 +0.1282 
+20.1002 +10.3251 +0.1123 
+0.5008 +8.6009 +0.0567 
+2.4598 +8.6005 +0.0765 
+4.4204 +8.6004 +0.0823 
+6.3816 +8.6003 +0.0887 
+8.3391 +8.6000 +0.0931 
+10.3000 +8.6001 +0.0957 
+12.2600 +8.5998 +0.0978 
+14.2202 +8.6003 +0.1005 
+16.1798 +8.6003 +0.1060 
+18.1398 +8.6002 +0.0997 
+20.0992 +8.6004 +0.0822 
+0.5008 +6.8757 +0.0117 
+2.4592 +6.8755 +0.0317 
+4.4196 +6.8750 +0.0385 
+6.3797 +6.8750 +0.0447 
+8.3413 +6.8752 +0.0487 
+10.2981 +6.8752 +0.0514 
+12.2597 +6.8752 +0.0524 
+14.2200 +6.8751 +0.0554 
+16.1796 +6.8754 +0.0599 
+18.1389 +6.8755 +0.0501 
+20.1000 +6.8751 +0.0283 
+0.4996 +5.1498 -0.0459 
+2.4612 +5.1504 -0.0276 
+4.4206 +5.1501 -0.0193 
+6.3805 +5.1500 -0.0144 
+8.3403 +5.1498 -0.0118 
+10.3003 +5.1501 -0.0098 
+12.2594 +5.1500 -0.0077 
+14.2196 +5.1503 -0.0031 
+16.1794 +5.1502 -0.0001 
+18.1398 +5.1498 -0.0144 
+20.0991 +5.1504 -0.0408 
+0.5001 +3.4251 -0.1106 
+2.4588 +3.4252 -0.0934 
+4.4195 +3.4253 -0.0821 
+6.3799 +3.4253 -0.0796 
+8.3406 +3.4254 -0.0802 
+10.2993 +3.4253 -0.0781 
+12.2598 +3.4253 -0.0735 
+14.2197 +3.4252 -0.0599 
+16.1793 +3.4255 -0.0623 
+18.1406 +3.4253 -0.0791 
+20.0997 +3.4252 -0.1062
