+0.5005 +22.3999 -0.0957 
+2.4593 +22.4012 -0.0956 
+4.4197 +22.4011 -0.1001 
+6.3790 +22.4009 -0.1065 
+8.3400 +22.4007 -0.1108 
+10.3000 +22.4007 -0.1115 
+12.2597 +22.4006 -0.1120 
+14.2196 +22.4007 -0.1076 
+16.1801 +22.4007 -0.0995 
+18.1392 +22.4007 -0.1038 
+20.0996 +22.4007 -0.1107 
+0.4997 +20.6764 -0.0198 
+2.4600 +20.6757 -0.0188 
+4.4197 +20.6757 -0.0206 
+6.3799 +20.6756 -0.0247 
+8.3401 +20.6757 -0.0282 
+10.3000 +20.6758 -0.0291 
+12.2597 +20.6759 -0.0286 
+14.2198 +20.6759 -0.0247 
+16.1801 +20.6759 -0.0214 
+18.1398 +20.6759 -0.0216 
+20.0993 +20.6758 -0.0272 
+0.4999 +18.9515 +0.0527 
+2.4597 +18.9510 +0.0539 
+4.4201 +18.9512 +0.0528 
+6.3799 +18.9511 +0.0497 
+8.3401 +18.9510 +0.0466 
+10.2998 +18.9507 +0.0464 
+12.2599 +18.9506 +0.0484 
+14.2197 +18.9506 +0.0516 
+16.1797 +18.9506 +0.0546 
+18.1394 +18.9506 +0.0547 
+20.0997 +18.9508 +0.0502 
+0.5001 +17.2265 +0.1175 
+2.4602 +17.2258 +0.1156 
+4.4202 +17.2259 +0.1144 
+6.3800 +17.2257 +0.1124 
+8.3400 +17.2256 +0.1101 
+10.2998 +17.2257 +0.1108 
+12.2601 +17.2258 +0.1142 
+14.2197 +17.2258 +0.1169 
+16.1797 +17.2258 +0.1191 
+18.1397 +17.2257 +0.1204 
+20.0994 +17.2258 +0.1171 
+0.4997 +15.5001 +0.1604 
+2.4602 +15.5009 +0.1586 
+4.4202 +15.5005 +0.1580 
+6.3799 +15.5003 +0.1576 
+8.3399 +15.5005 +0.1567 
+10.2997 +15.5006 +0.1578 
+12.2601 +15.5007 +0.1603 
+14.2197 +15.5007 +0.1627 
+16.1798 +15.5008 +0.1650 
+18.1404 +15.5009 +0.1661 
+20.0999 +15.5010 +0.1644 
+0.4997 +13.7766 +0.1764 
+2.4597 +13.7753 +0.1786 
+4.4205 +13.7755 +0.1790 
+6.3795 +13.7758 +0.1793 
+8.3399 +13.7757 +0.1789 
+10.3003 +13.7757 +0.1795 
+12.2597 +13.7757 +0.1815 
+14.2195 +13.7757 +0.1842 
+16.1799 +13.7758 +0.1868 
+18.1397 +13.7758 +0.1887 
+20.0995 +13.7758 +0.1874 
+0.5005 +12.0508 +0.1740 
+2.4598 +12.0511 +0.1790 
+4.4198 +12.0508 +0.1803 
+6.3800 +12.0507 +0.1797 
+8.3411 +12.0506 +0.1782 
+10.3006 +12.0506 +0.1774 
+12.2596 +12.0506 +0.1778 
+14.2197 +12.0507 +0.1811 
+16.1796 +12.0506 +0.1847 
+18.1398 +12.0506 +0.1870 
+20.0980 +12.0507 +0.1867 
+0.5006 +10.3251 +0.1579 
+2.4597 +10.3258 +0.1693 
+4.4202 +10.3257 +0.1645 
+6.3792 +10.3258 +0.1632 
+8.3395 +10.3260 +0.1614 
+10.3004 +10.3257 +0.1595 
+12.2599 +10.3258 +0.1586 
+14.2206 +10.3258 +0.1617 
+16.1795 +10.3257 +0.1650 
+18.1398 +10.3258 +0.1685 
+20.0994 +10.3258 +0.1717 
+0.5003 +8.6006 +0.1298 
+2.4589 +8.6011 +0.1331 
+4.4205 +8.6007 +0.1330 
+6.3788 +8.6006 +0.1323 
+8.3397 +8.6003 +0.1310 
+10.2999 +8.6002 +0.1301 
+12.2599 +8.6003 +0.1282 
+14.2202 +8.6004 +0.1285 
+16.1802 +8.6002 +0.1305 
+18.1400 +8.6003 +0.1333 
+20.0994 +8.6005 +0.1342 
+0.4999 +6.8752 +0.0780 
+2.4599 +6.8756 +0.0809 
+4.4201 +6.8757 +0.0813 
+6.3808 +6.8757 +0.0819 
+8.3393 +6.8759 +0.0791 
+10.2994 +6.8757 +0.0790 
+12.2590 +6.8758 +0.0782 
+14.2198 +6.8758 +0.0771 
+16.1799 +6.8758 +0.0777 
+18.1400 +6.8758 +0.0784 
+20.0998 +6.8757 +0.0771 
+0.5001 +5.1504 +0.0095 
+2.4602 +5.1510 +0.0096 
+4.4199 +5.1508 +0.0086 
+6.3797 +5.1507 +0.0083 
+8.3400 +5.1506 +0.0073 
+10.3003 +5.1508 +0.0076 
+12.2584 +5.1509 +0.0078 
+14.2198 +5.1509 +0.0064 
+16.1796 +5.1509 +0.0056 
+18.1402 +5.1509 +0.0053 
+20.0998 +5.1507 +0.0032 
+0.5000 +3.4253 -0.0728 
+2.4605 +3.4259 -0.0706 
+4.4193 +3.4259 -0.0722 
+6.3796 +3.4257 -0.0736 
+8.3399 +3.4258 -0.0740 
+10.2985 +3.4260 -0.0729 
+12.2597 +3.4258 -0.0724 
+14.2202 +3.4259 -0.0742 
+16.1802 +3.4258 -0.0756 
+18.1404 +3.4260 -0.0750 
+20.1000 +3.4260 -0.0775 

+0.4996 +22.4003 -0.1131 
+2.4594 +22.4009 -0.1032 
+4.4199 +22.4010 -0.1106 
+6.3796 +22.4011 -0.1129 
+8.3400 +22.4009 -0.1066 
+10.2993 +22.4009 -0.1010 
+12.2592 +22.4010 -0.0991 
+14.2201 +22.4009 -0.1005 
+16.1800 +22.4008 -0.0997 
+18.1398 +22.4009 -0.0948 
+20.0995 +22.4010 -0.0922 
+0.5002 +20.6760 -0.0300 
+2.4596 +20.6758 -0.0296 
+4.4200 +20.6759 -0.0309 
+6.3793 +20.6759 -0.0295 
+8.3400 +20.6759 -0.0255 
+10.3003 +20.6760 -0.0209 
+12.2600 +20.6761 -0.0185 
+14.2199 +20.6760 -0.0176 
+16.1803 +20.6761 -0.0153 
+18.1403 +20.6761 -0.0115 
+20.0983 +20.6760 -0.0110 
+0.5005 +18.9509 +0.0474 
+2.4595 +18.9510 +0.0492 
+4.4195 +18.9510 +0.0490 
+6.3794 +18.9509 +0.0509 
+8.3387 +18.9509 +0.0513 
+10.2999 +18.9510 +0.0545 
+12.2603 +18.9509 +0.0575 
+14.2196 +18.9510 +0.0571 
+16.1804 +18.9510 +0.0597 
+18.1398 +18.9509 +0.0630 
+20.0994 +18.9510 +0.0633 
+0.5003 +17.2259 +0.1147 
+2.4601 +17.2261 +0.1166 
+4.4201 +17.2261 +0.1161 
+6.3795 +17.2260 +0.1149 
+8.3397 +17.2260 +0.1157 
+10.2993 +17.2260 +0.1184 
+12.2600 +17.2260 +0.1194 
+14.2208 +17.2262 +0.1197 
+16.1802 +17.2261 +0.1207 
+18.1384 +17.2262 +0.1228 
+20.1005 +17.2261 +0.1229 
+0.5004 +15.5007 +0.1621 
+2.4593 +15.5011 +0.1639 
+4.4197 +15.5008 +0.1627 
+6.3797 +15.5008 +0.1611 
+8.3402 +15.5009 +0.1605 
+10.3000 +15.5010 +0.1611 
+12.2603 +15.5007 +0.1610 
+14.2202 +15.5007 +0.1599 
+16.1799 +15.5010 +0.1598 
+18.1400 +15.5010 +0.1610 
+20.0991 +15.5010 +0.1590 
+0.5004 +13.7760 +0.1841 
+2.4602 +13.7759 +0.1844 
+4.4199 +13.7758 +0.1834 
+6.3799 +13.7759 +0.1822 
+8.3399 +13.7760 +0.1805 
+10.2993 +13.7759 +0.1784 
+12.2602 +13.7758 +0.1759 
+14.2198 +13.7759 +0.1740 
+16.1804 +13.7761 +0.1752 
+18.1393 +13.7761 +0.1744 
+20.1002 +13.7762 +0.1689 
+0.5001 +12.0508 +0.1771 
+2.4598 +12.0511 +0.1780 
+4.4203 +12.0512 +0.1775 
+6.3801 +12.0510 +0.1800 
+8.3394 +12.0512 +0.1791 
+10.2996 +12.0512 +0.1774 
+12.2596 +12.0514 +0.1723 
+14.2203 +12.0514 +0.1695 
+16.1800 +12.0516 +0.1731 
+18.1395 +12.0513 +0.1730 
+20.1001 +12.0514 +0.1613 
+0.5003 +10.3260 +0.1556 
+2.4599 +10.3261 +0.1560 
+4.4195 +10.3258 +0.1706 
+6.3797 +10.3262 +0.1659 
+8.3395 +10.3261 +0.1630 
+10.2997 +10.3262 +0.1550 
+12.2603 +10.3262 +0.1729 
+14.2205 +10.3261 +0.1513 
+16.1802 +10.3261 +0.1557 
+18.1396 +10.3262 +0.1559 
+20.0998 +10.3261 +0.1420 
+0.4997 +8.6007 +0.1232 
+2.4589 +8.6009 +0.1237 
+4.4205 +8.6008 +0.1233 
+6.3800 +8.6010 +0.1256 
+8.3395 +8.6011 +0.1267 
+10.2983 +8.6010 +0.1191 
+12.2611 +8.6012 +0.1171 
+14.2201 +8.6011 +0.1152 
+16.1796 +8.6010 +0.1193 
+18.1392 +8.6011 +0.1201 
+20.0998 +8.6010 +0.1096 
+0.5003 +6.8755 +0.0643 
+2.4599 +6.8760 +0.0635 
+4.4202 +6.8760 +0.0672 
+6.3799 +6.8762 +0.0661 
+8.3391 +6.8761 +0.0680 
+10.3006 +6.8760 +0.0635 
+12.2595 +6.8761 +0.0615 
+14.2201 +6.8762 +0.0588 
+16.1804 +6.8761 +0.0627 
+18.1388 +6.8760 +0.0633 
+20.0999 +6.8760 +0.0534 
+0.4999 +5.1509 -0.0155 
+2.4602 +5.1513 -0.0151 
+4.4197 +5.1509 -0.0157 
+6.3801 +5.1511 -0.0134 
+8.3398 +5.1508 -0.0116 
+10.2994 +5.1510 -0.0129 
+12.2599 +5.1510 -0.0142 
+14.2196 +5.1510 -0.0134 
+16.1795 +5.1510 -0.0017 
+18.1401 +5.1512 -0.0074 
+20.0997 +5.1511 -0.0234 
+0.5005 +3.4264 -0.0983 
+2.4603 +3.4257 -0.0883 
+4.4199 +3.4259 -0.0876 
+6.3802 +3.4259 -0.0924 
+8.3398 +3.4261 -0.0952 
+10.2992 +3.4262 -0.0950 
+12.2601 +3.4262 -0.0948 
+14.2198 +3.4264 -0.0921 
+16.1797 +3.4263 -0.0895 
+18.1400 +3.4263 -0.0948 
+20.0997 +3.4263 -0.1089 

+0.4998 +22.4001 -0.0942 
+2.4595 +22.4008 -0.0850 
+4.4202 +22.4006 -0.0903 
+6.3798 +22.4007 -0.0918 
+8.3404 +22.4007 -0.0932 
+10.2996 +22.4009 -0.0944 
+12.2596 +22.4010 -0.0975 
+14.2200 +22.4009 -0.1005 
+16.1798 +22.4009 -0.1015 
+18.1397 +22.4008 -0.0994 
+20.1000 +22.4008 -0.0989 
+0.5001 +20.6767 -0.0167 
+2.4600 +20.6763 -0.0119 
+4.4202 +20.6759 -0.0107 
+6.3803 +20.6760 -0.0117 
+8.3402 +20.6758 -0.0127 
+10.2997 +20.6759 -0.0141 
+12.2591 +20.6758 -0.0152 
+14.2193 +20.6758 -0.0183 
+16.1802 +20.6757 -0.0210 
+18.1398 +20.6758 -0.0158 
+20.0994 +20.6758 -0.0201 
+0.4999 +18.9509 +0.0581 
+2.4597 +18.9503 +0.0631 
+4.4201 +18.9508 +0.0629 
+6.3801 +18.9508 +0.0629 
+8.3400 +18.9509 +0.0621 
+10.2997 +18.9510 +0.0618 
+12.2605 +18.9510 +0.0610 
+14.2199 +18.9511 +0.0592 
+16.1801 +18.9510 +0.0553 
+18.1397 +18.9512 +0.0534 
+20.0974 +18.9511 +0.0521 
+0.5002 +17.2258 +0.1197 
+2.4592 +17.2259 +0.1219 
+4.4201 +17.2258 +0.1228 
+6.3800 +17.2258 +0.1235 
+8.3399 +17.2256 +0.1240 
+10.2998 +17.2258 +0.1252 
+12.2599 +17.2258 +0.1257 
+14.2199 +17.2260 +0.1244 
+16.1794 +17.2259 +0.1207 
+18.1395 +17.2258 +0.1172 
+20.1000 +17.2259 +0.1187 
+0.5001 +15.5006 +0.1574 
+2.4598 +15.5014 +0.1594 
+4.4201 +15.5011 +0.1612 
+6.3799 +15.5011 +0.1620 
+8.3402 +15.5010 +0.1632 
+10.3000 +15.5010 +0.1644 
+12.2601 +15.5010 +0.1664 
+14.2193 +15.5011 +0.1644 
+16.1788 +15.5011 +0.1615 
+18.1399 +15.5011 +0.1579 
+20.0967 +15.5011 +0.1541 
+0.5001 +13.7755 +0.1687 
+2.4599 +13.7759 +0.1736 
+4.4192 +13.7757 +0.1748 
+6.3798 +13.7757 +0.1767 
+8.3403 +13.7755 +0.1765 
+10.2997 +13.7757 +0.1753 
+12.2595 +13.7757 +0.1778 
+14.2202 +13.7756 +0.1757 
+16.1795 +13.7758 +0.1766 
+18.1399 +13.7758 +0.1732 
+20.1008 +13.7757 +0.1620 
+0.5001 +12.0521 +0.1623 
+2.4600 +12.0510 +0.1704 
+4.4199 +12.0510 +0.1703 
+6.3797 +12.0509 +0.1710 
+8.3393 +12.0510 +0.1711 
+10.2998 +12.0510 +0.1668 
+12.2597 +12.0509 +0.1656 
+14.2199 +12.0508 +0.1669 
+16.1803 +12.0511 +0.1738 
+18.1400 +12.0509 +0.1703 
+20.0994 +12.0508 +0.1568 
+0.4999 +10.3253 +0.1420 
+2.4593 +10.3257 +0.1518 
+4.4202 +10.3259 +0.1490 
+6.3795 +10.3258 +0.1486 
+8.3399 +10.3258 +0.1490 
+10.2997 +10.3256 +0.1449 
+12.2597 +10.3258 +0.1446 
+14.2197 +10.3258 +0.1456 
+16.1798 +10.3258 +0.1534 
+18.1401 +10.3259 +0.1518 
+20.1006 +10.3257 +0.1384 
+0.4998 +8.6004 +0.1076 
+2.4593 +8.6010 +0.1167 
+4.4193 +8.6008 +0.1128 
+6.3799 +8.6009 +0.1109 
+8.3396 +8.6008 +0.1107 
+10.2995 +8.6008 +0.1058 
+12.2597 +8.6009 +0.1057 
+14.2204 +8.6008 +0.1065 
+16.1803 +8.6008 +0.1144 
+18.1397 +8.6009 +0.1137 
+20.0999 +8.6009 +0.1031 
+0.4995 +6.8756 +0.0548 
+2.4597 +6.8760 +0.0616 
+4.4196 +6.8757 +0.0577 
+6.3796 +6.8757 +0.0549 
+8.3395 +6.8760 +0.0543 
+10.2996 +6.8757 +0.0496 
+12.2597 +6.8759 +0.0501 
+14.2199 +6.8759 +0.0504 
+16.1800 +6.8759 +0.0571 
+18.1393 +6.8759 +0.0574 
+20.0996 +6.8760 +0.0488 
+0.5002 +5.1514 -0.0175 
+2.4600 +5.1507 -0.0117 
+4.4197 +5.1507 -0.0137 
+6.3803 +5.1507 -0.0170 
+8.3387 +5.1509 -0.0191 
+10.2999 +5.1509 -0.0218 
+12.2596 +5.1509 -0.0215 
+14.2194 +5.1509 -0.0186 
+16.1795 +5.1509 -0.0129 
+18.1396 +5.1510 -0.0113 
+20.1001 +5.1512 -0.0166 
+0.5004 +3.4255 -0.0952 
+2.4596 +3.4261 -0.0899 
+4.4197 +3.4259 -0.0903 
+6.3798 +3.4259 -0.0934 
+8.3401 +3.4259 -0.0962 
+10.3001 +3.4261 -0.0972 
+12.2595 +3.4262 -0.0959 
+14.2200 +3.4260 -0.0934 
+16.1805 +3.4262 -0.0885 
+18.1394 +3.4262 -0.0854 
+20.1001 +3.4261 -0.0883 

+0.4993 +22.4003 -0.0821 
+2.4600 +22.4006 -0.0840 
+4.4196 +22.4011 -0.0871 
+6.3795 +22.4009 -0.0894 
+8.3398 +22.4006 -0.0899 
+10.2994 +22.4007 -0.0929 
+12.2597 +22.4005 -0.0796 
+14.2188 +22.4006 -0.0919 
+16.1803 +22.4008 -0.0957 
+18.1405 +22.4007 -0.0984 
+20.1000 +22.4006 -0.1035 
+0.5001 +20.6758 -0.0009 
+2.4597 +20.6761 -0.0039 
+4.4186 +20.6759 -0.0075 
+6.3787 +20.6757 -0.0106 
+8.3387 +20.6756 -0.0128 
+10.2994 +20.6755 -0.0148 
+12.2600 +20.6755 -0.0182 
+14.2194 +20.6755 -0.0196 
+16.1789 +20.6755 -0.0219 
+18.1399 +20.6755 -0.0244 
+20.0996 +20.6755 -0.0300 
+0.5004 +18.9505 +0.0690 
+2.4596 +18.9510 +0.0671 
+4.4193 +18.9511 +0.0633 
+6.3814 +18.9507 +0.0601 
+8.3398 +18.9504 +0.0578 
+10.2996 +18.9506 +0.0547 
+12.2597 +18.9509 +0.0523 
+14.2200 +18.9509 +0.0510 
+16.1790 +18.9508 +0.0497 
+18.1401 +18.9507 +0.0479 
+20.0997 +18.9509 +0.0426 
+0.5000 +17.2262 +0.1281 
+2.4596 +17.2255 +0.1257 
+4.4193 +17.2257 +0.1216 
+6.3800 +17.2257 +0.1175 
+8.3400 +17.2256 +0.1143 
+10.2999 +17.2255 +0.1115 
+12.2595 +17.2255 +0.1096 
+14.2196 +17.2255 +0.1091 
+16.1772 +17.2258 +0.1089 
+18.1401 +17.2258 +0.1085 
+20.0993 +17.2257 +0.1052 
+0.4994 +15.5008 +0.1647 
+2.4605 +15.5006 +0.1634 
+4.4198 +15.5006 +0.1594 
+6.3800 +15.5005 +0.1542 
+8.3400 +15.5005 +0.1496 
+10.2998 +15.5004 +0.1469 
+12.2597 +15.5006 +0.1455 
+14.2199 +15.5007 +0.1457 
+16.1798 +15.5008 +0.1477 
+18.1397 +15.5010 +0.1478 
+20.1002 +15.5009 +0.1448 
+0.5003 +13.7765 +0.1730 
+2.4595 +13.7758 +0.1774 
+4.4207 +13.7756 +0.1747 
+6.3797 +13.7755 +0.1688 
+8.3396 +13.7758 +0.1639 
+10.3002 +13.7758 +0.1606 
+12.2600 +13.7756 +0.1646 
+14.2194 +13.7756 +0.1604 
+16.1794 +13.7756 +0.1669 
+18.1394 +13.7757 +0.1661 
+20.0993 +13.7756 +0.1632 
+0.5001 +12.0503 +0.1618 
+2.4597 +12.0509 +0.1747 
+4.4203 +12.0507 +0.1723 
+6.3796 +12.0507 +0.1665 
+8.3397 +12.0509 +0.1601 
+10.2998 +12.0509 +0.1560 
+12.2589 +12.0506 +0.1550 
+14.2197 +12.0506 +0.1587 
+16.1807 +12.0504 +0.1677 
+18.1399 +12.0505 +0.1661 
+20.0994 +12.0507 +0.1563 
+0.5000 +10.3249 +0.1374 
+2.4597 +10.3250 +0.1493 
+4.4197 +10.3259 +0.1509 
+6.3799 +10.3259 +0.1453 
+8.3401 +10.3257 +0.1390 
+10.2994 +10.3255 +0.1350 
+12.2597 +10.3254 +0.1348 
+14.2197 +10.3257 +0.1390 
+16.1796 +10.3258 +0.1491 
+18.1400 +10.3257 +0.1493 
+20.0999 +10.3261 +0.1402 
+0.5001 +8.6003 +0.0979 
+2.4599 +8.6004 +0.1104 
+4.4207 +8.6014 +0.1122 
+6.3798 +8.6010 +0.1084 
+8.3402 +8.6006 +0.1030 
+10.2996 +8.6001 +0.0993 
+12.2601 +8.6000 +0.0991 
+14.2198 +8.6005 +0.1028 
+16.1759 +8.6007 +0.1145 
+18.1401 +8.6010 +0.1166 
+20.0999 +8.6012 +0.1100 
+0.5002 +6.8756 +0.0414 
+2.4595 +6.8756 +0.0537 
+4.4200 +6.8755 +0.0564 
+6.3796 +6.8756 +0.0541 
+8.3398 +6.8757 +0.0498 
+10.2997 +6.8759 +0.0466 
+12.2594 +6.8759 +0.0470 
+14.2200 +6.8757 +0.0510 
+16.1800 +6.8756 +0.0623 
+18.1396 +6.8754 +0.0659 
+20.1003 +6.8755 +0.0608 
+0.4999 +5.1507 -0.0269 
+2.4602 +5.1509 -0.0159 
+4.4203 +5.1506 -0.0130 
+6.3795 +5.1507 -0.0148 
+8.3395 +5.1508 -0.0174 
+10.2995 +5.1508 -0.0187 
+12.2604 +5.1505 -0.0172 
+14.2198 +5.1506 -0.0124 
+16.1798 +5.1505 -0.0038 
+18.1405 +5.1507 -0.0011 
+20.0998 +5.1507 -0.0058 
+0.5004 +3.4251 -0.1011 
+2.4597 +3.4260 -0.0903 
+4.4196 +3.4256 -0.0868 
+6.3794 +3.4257 -0.0878 
+8.3400 +3.4257 -0.0893 
+10.2995 +3.4257 -0.0889 
+12.2597 +3.4259 -0.0868 
+14.2197 +3.4257 -0.0823 
+16.1803 +3.4258 -0.0756 
+18.1393 +3.4257 -0.0736 
+20.1010 +3.4260 -0.0786 

+0.4999 +22.4002 -0.0837 
+2.4592 +22.4004 -0.0865 
+4.4199 +22.4010 -0.0836 
+6.3793 +22.4009 -0.0859 
+8.3401 +22.4005 -0.0890 
+10.2998 +22.4003 -0.0907 
+12.2599 +22.4006 -0.0918 
+14.2200 +22.4007 -0.0947 
+16.1802 +22.4008 -0.0981 
+18.1391 +22.4009 -0.0977 
+20.0995 +22.4006 -0.1028 
+0.4999 +20.6753 -0.0076 
+2.4601 +20.6753 -0.0051 
+4.4201 +20.6757 -0.0057 
+6.3802 +20.6755 -0.0102 
+8.3398 +20.6757 -0.0120 
+10.2998 +20.6754 -0.0140 
+12.2601 +20.6758 -0.0144 
+14.2195 +20.6757 -0.0164 
+16.1793 +20.6757 -0.0177 
+18.1395 +20.6758 -0.0176 
+20.0999 +20.6757 -0.0207 
+0.5000 +18.9504 +0.0654 
+2.4602 +18.9508 +0.0660 
+4.4197 +18.9509 +0.0625 
+6.3801 +18.9506 +0.0586 
+8.3399 +18.9506 +0.0576 
+10.2998 +18.9504 +0.0567 
+12.2603 +18.9502 +0.0548 
+14.2198 +18.9503 +0.0535 
+16.1798 +18.9503 +0.0535 
+18.1398 +18.9509 +0.0547 
+20.0997 +18.9511 +0.0527 
+0.4998 +17.2251 +0.1231 
+2.4597 +17.2257 +0.1243 
+4.4206 +17.2254 +0.1212 
+6.3797 +17.2255 +0.1166 
+8.3400 +17.2258 +0.1141 
+10.2993 +17.2255 +0.1135 
+12.2594 +17.2254 +0.1114 
+14.2205 +17.2254 +0.1095 
+16.1802 +17.2255 +0.1097 
+18.1394 +17.2255 +0.1115 
+20.1003 +17.2257 +0.1098 
+0.5003 +15.5007 +0.1548 
+2.4596 +15.5004 +0.1595 
+4.4192 +15.5004 +0.1593 
+6.3807 +15.5005 +0.1558 
+8.3389 +15.5004 +0.1491 
+10.2995 +15.5004 +0.1483 
+12.2596 +15.5002 +0.1486 
+14.2195 +15.5004 +0.1475 
+16.1798 +15.5004 +0.1472 
+18.1396 +15.5010 +0.1469 
+20.1002 +15.5009 +0.1433 
+0.5003 +13.7755 +0.1648 
+2.4600 +13.7761 +0.1756 
+4.4196 +13.7759 +0.1735 
+6.3797 +13.7758 +0.1748 
+8.3399 +13.7756 +0.1701 
+10.3003 +13.7760 +0.1682 
+12.2594 +13.7759 +0.1694 
+14.2193 +13.7757 +0.1734 
+16.1797 +13.7758 +0.1710 
+18.1401 +13.7756 +0.1699 
+20.0998 +13.7754 +0.1631 
+0.4997 +12.0502 +0.1589 
+2.4602 +12.0506 +0.1738 
+4.4187 +12.0504 +0.1695 
+6.3802 +12.0504 +0.1707 
+8.3400 +12.0505 +0.1698 
+10.2998 +12.0506 +0.1645 
+12.2602 +12.0508 +0.1652 
+14.2195 +12.0506 +0.1673 
+16.1796 +12.0505 +0.1744 
+18.1399 +12.0505 +0.1740 
+20.1008 +12.0505 +0.1627 
+0.5000 +10.3253 +0.1406 
+2.4590 +10.3255 +0.1587 
+4.4209 +10.3255 +0.1515 
+6.3797 +10.3256 +0.1531 
+8.3395 +10.3254 +0.1537 
+10.3000 +10.3252 +0.1465 
+12.2593 +10.3253 +0.1474 
+14.2195 +10.3254 +0.1493 
+16.1799 +10.3256 +0.1584 
+18.1398 +10.3257 +0.1575 
+20.0986 +10.3254 +0.1459 
+0.5006 +8.6014 +0.1068 
+2.4599 +8.6002 +0.1236 
+4.4201 +8.6007 +0.1178 
+6.3798 +8.6009 +0.1208 
+8.3396 +8.6005 +0.1215 
+10.3000 +8.6004 +0.1147 
+12.2593 +8.6003 +0.1155 
+14.2190 +8.6002 +0.1159 
+16.1802 +8.6004 +0.1656 
+18.1392 +8.6004 +0.1627 
+20.0995 +8.6006 +0.1484 
+0.5002 +6.8748 +0.0903 
+2.4599 +6.8758 +0.1050 
+4.4197 +6.8758 +0.1033 
+6.3805 +6.8757 +0.1040 
+8.3405 +6.8757 +0.1045 
+10.2998 +6.8757 +0.0999 
+12.2604 +6.8756 +0.0989 
+14.2195 +6.8757 +0.0977 
+16.1798 +6.8754 +0.1038 
+18.1391 +6.8753 +0.1020 
+20.0997 +6.8754 +0.0930 
+0.5002 +5.1505 +0.0131 
+2.4601 +5.1505 +0.0266 
+4.4190 +5.1506 +0.0244 
+6.3801 +5.1508 +0.0227 
+8.3390 +5.1503 +0.0203 
+10.3003 +5.1501 +0.0150 
+12.2599 +5.1501 +0.0122 
+14.2195 +5.1504 +0.0105 
+16.1798 +5.1504 +0.0173 
+18.1400 +5.1504 +0.0147 
+20.0996 +5.1505 +0.0086 
+0.5002 +3.4252 -0.0791 
+2.4596 +3.4257 -0.0646 
+4.4208 +3.4257 -0.0614 
+6.3796 +3.4255 -0.0662 
+8.3400 +3.4257 -0.0706 
+10.3000 +3.4255 -0.0733 
+12.2599 +3.4254 -0.0749 
+14.2202 +3.4253 -0.0754 
+16.1796 +3.4254 -0.0721 
+18.1399 +3.4255 -0.0720 
+20.1002 +3.4255 -0.0780 

+0.5013 +22.4006 -0.0707 
+2.4595 +22.4011 -0.0677 
+4.4195 +22.4005 -0.0655 
+6.3799 +22.4004 -0.0640 
+8.3400 +22.4007 -0.0793 
+10.2997 +22.4006 -0.0841 
+12.2605 +22.4007 -0.0858 
+14.2202 +22.4011 -0.0877 
+16.1798 +22.4009 -0.0728 
+18.1394 +22.4007 -0.0686 
+20.0999 +22.4008 -0.0860 
+0.4993 +20.6748 -0.0122 
+2.4605 +20.6759 -0.0081 
+4.4193 +20.6754 -0.0077 
+6.3805 +20.6754 -0.0098 
+8.3399 +20.6757 -0.0033 
+10.2978 +20.6758 -0.0116 
+12.2593 +20.6755 -0.0159 
+14.2208 +20.6754 -0.0203 
+16.1800 +20.6752 -0.0231 
+18.1399 +20.6754 -0.0246 
+20.0997 +20.6754 -0.0287 
+0.5001 +18.9503 +0.0712 
+2.4607 +18.9505 +0.0605 
+4.4200 +18.9506 +0.0582 
+6.3795 +18.9505 +0.0548 
+8.3397 +18.9504 +0.0489 
+10.3001 +18.9504 +0.0454 
+12.2597 +18.9506 +0.0430 
+14.2201 +18.9505 +0.0397 
+16.1798 +18.9504 +0.0372 
+18.1396 +18.9505 +0.0369 
+20.0995 +18.9506 +0.0349 
+0.5000 +17.2249 +0.1139 
+2.4593 +17.2257 +0.1159 
+4.4195 +17.2255 +0.1130 
+6.3801 +17.2256 +0.1075 
+8.3399 +17.2255 +0.0996 
+10.3001 +17.2255 +0.0954 
+12.2589 +17.2254 +0.0930 
+14.2197 +17.2255 +0.0910 
+16.1796 +17.2253 +0.0900 
+18.1395 +17.2254 +0.0904 
+20.0997 +17.2255 +0.0885 
+0.5004 +15.5001 +0.1475 
+2.4591 +15.5008 +0.1508 
+4.4196 +15.5004 +0.1489 
+6.3798 +15.5009 +0.1458 
+8.3406 +15.5009 +0.1378 
+10.2996 +15.5009 +0.1315 
+12.2600 +15.5009 +0.1302 
+14.2197 +15.5007 +0.1312 
+16.1799 +15.5005 +0.1331 
+18.1399 +15.5003 +0.1335 
+20.0993 +15.5005 +0.1303 
+0.5000 +13.7758 +0.1646 
+2.4599 +13.7760 +0.1700 
+4.4183 +13.7756 +0.1660 
+6.3798 +13.7756 +0.1637 
+8.3397 +13.7758 +0.1576 
+10.3006 +13.7754 +0.1502 
+12.2601 +13.7755 +0.1487 
+14.2197 +13.7757 +0.1520 
+16.1801 +13.7757 +0.1576 
+18.1402 +13.7755 +0.1563 
+20.1003 +13.7758 +0.1503 
+0.4998 +12.0500 +0.1646 
+2.4601 +12.0508 +0.1699 
+4.4202 +12.0508 +0.1659 
+6.3799 +12.0504 +0.1662 
+8.3390 +12.0504 +0.1573 
+10.2998 +12.0508 +0.1489 
+12.2602 +12.0506 +0.1482 
+14.2201 +12.0506 +0.1555 
+16.1799 +12.0504 +0.1627 
+18.1391 +12.0504 +0.1585 
+20.0994 +12.0503 +0.1482 
+0.5002 +10.3256 +0.1449 
+2.4606 +10.3258 +0.1522 
+4.4199 +10.3257 +0.1487 
+6.3799 +10.3256 +0.1450 
+8.3360 +10.3257 +0.1393 
+10.2998 +10.3255 +0.1318 
+12.2600 +10.3254 +0.1328 
+14.2200 +10.3256 +0.1410 
+16.1800 +10.3257 +0.1530 
+18.1402 +10.3257 +0.1474 
+20.0999 +10.3258 +0.1355 
+0.5000 +8.6004 +0.1079 
+2.4607 +8.6010 +0.1157 
+4.4207 +8.6005 +0.1127 
+6.3797 +8.6005 +0.1109 
+8.3398 +8.6006 +0.1061 
+10.2996 +8.6002 +0.1006 
+12.2594 +8.6005 +0.1027 
+14.2200 +8.6006 +0.1087 
+16.1797 +8.6002 +0.1166 
+18.1402 +8.6003 +0.1138 
+20.0999 +8.6001 +0.1060 
+0.5001 +6.8755 +0.0531 
+2.4597 +6.8758 +0.0616 
+4.4200 +6.8756 +0.0593 
+6.3797 +6.8754 +0.0578 
+8.3392 +6.8755 +0.0549 
+10.2996 +6.8755 +0.0515 
+12.2603 +6.8758 +0.0527 
+14.2200 +6.8756 +0.0562 
+16.1803 +6.8755 +0.0637 
+18.1402 +6.8757 +0.0638 
+20.0999 +6.8757 +0.0586 
+0.5003 +5.1502 -0.0193 
+2.4598 +5.1508 -0.0091 
+4.4196 +5.1507 -0.0085 
+6.3800 +5.1506 -0.0104 
+8.3401 +5.1504 -0.0121 
+10.2996 +5.1502 -0.0130 
+12.2600 +5.1504 -0.0123 
+14.2203 +5.1503 -0.0086 
+16.1789 +5.1503 -0.0031 
+18.1395 +5.1509 -0.0019 
+20.1000 +5.1505 -0.0057 
+0.4997 +3.4251 -0.0998 
+2.4591 +3.4258 -0.0871 
+4.4196 +3.4257 -0.0833 
+6.3797 +3.4255 -0.0842 
+8.3394 +3.4255 -0.0851 
+10.3001 +3.4256 -0.0827 
+12.2596 +3.4257 -0.0828 
+14.2196 +3.4257 -0.0786 
+16.1799 +3.4257 -0.0741 
+18.1402 +3.4256 -0.0735 
+20.1001 +3.4255 -0.0775 

+0.4981 +22.4004 -0.0453 
+2.4591 +22.3999 -0.0377 
+4.4203 +22.4005 -0.0783 
+6.3800 +22.4006 -0.0813 
+8.3401 +22.4002 -0.0834 
+10.2981 +22.4001 -0.0843 
+12.2598 +22.4003 -0.0848 
+14.2190 +22.4002 -0.0445 
+16.1795 +22.4004 -0.0912 
+18.1396 +22.4003 -0.0949 
+20.0997 +22.4003 -0.1010 
+0.4999 +20.6750 -0.0136 
+2.4600 +20.6751 -0.0128 
+4.4203 +20.6750 -0.0139 
+6.3797 +20.6752 -0.0152 
+8.3398 +20.6753 -0.0166 
+10.2984 +20.6753 -0.0175 
+12.2606 +20.6752 -0.0190 
+14.2200 +20.6754 -0.0212 
+16.1801 +20.6754 -0.0240 
+18.1393 +20.6753 -0.0272 
+20.0995 +20.6752 -0.0328 
+0.4999 +18.9504 +0.0467 
+2.4597 +18.9497 +0.0471 
+4.4199 +18.9501 +0.0471 
+6.3797 +18.9501 +0.0479 
+8.3404 +18.9503 +0.0454 
+10.2997 +18.9502 +0.0441 
+12.2593 +18.9502 +0.0427 
+14.2197 +18.9500 +0.0409 
+16.1799 +18.9500 +0.0378 
+18.1402 +18.9503 +0.0360 
+20.0983 +18.9502 +0.0323 
+0.4995 +17.2256 +0.0943 
+2.4616 +17.2258 +0.0953 
+4.4191 +17.2253 +0.0971 
+6.3801 +17.2248 +0.1028 
+8.3396 +17.2250 +0.0994 
+10.2995 +17.2249 +0.0968 
+12.2600 +17.2253 +0.0964 
+14.2194 +17.2251 +0.0957 
+16.1794 +17.2252 +0.0942 
+18.1401 +17.2253 +0.0944 
+20.0998 +17.2254 +0.0930 
+0.5001 +15.5003 +0.1306 
+2.4596 +15.5004 +0.1327 
+4.4199 +15.5001 +0.1324 
+6.3801 +15.5004 +0.1380 
+8.3397 +15.5001 +0.1361 
+10.3002 +15.5003 +0.1322 
+12.2599 +15.5002 +0.1326 
+14.2198 +15.5002 +0.1344 
+16.1795 +15.5003 +0.1371 
+18.1400 +15.5002 +0.1382 
+20.1000 +15.5002 +0.1355 
+0.5001 +13.7751 +0.1506 
+2.4605 +13.7762 +0.1560 
+4.4199 +13.7751 +0.1521 
+6.3799 +13.7747 +0.1544 
+8.3400 +13.7751 +0.1531 
+10.3002 +13.7752 +0.1476 
+12.2598 +13.7750 +0.1481 
+14.2198 +13.7750 +0.1521 
+16.1798 +13.7749 +0.1607 
+18.1404 +13.7750 +0.1625 
+20.0998 +13.7751 +0.1557 
+0.5003 +12.0500 +0.1545 
+2.4603 +12.0503 +0.1572 
+4.4200 +12.0499 +0.1538 
+6.3800 +12.0502 +0.1611 
+8.3400 +12.0501 +0.1527 
+10.2993 +12.0502 +0.1478 
+12.2597 +12.0502 +0.1482 
+14.2198 +12.0499 +0.1537 
+16.1800 +12.0499 +0.1650 
+18.1385 +12.0502 +0.1652 
+20.1000 +12.0501 +0.1545 
+0.5000 +10.3257 +0.1286 
+2.4600 +10.3250 +0.1401 
+4.4192 +10.3253 +0.1382 
+6.3793 +10.3250 +0.1386 
+8.3400 +10.3252 +0.1377 
+10.3002 +10.3248 +0.1343 
+12.2597 +10.3251 +0.1375 
+14.2201 +10.3251 +0.1425 
+16.1799 +10.3250 +0.1511 
+18.1393 +10.3251 +0.1510 
+20.0993 +10.3252 +0.1412 
+0.4998 +8.5999 +0.0949 
+2.4591 +8.5999 +0.1063 
+4.4202 +8.6003 +0.1045 
+6.3797 +8.6003 +0.1085 
+8.3398 +8.6003 +0.1083 
+10.2998 +8.6001 +0.1049 
+12.2596 +8.6000 +0.1077 
+14.2193 +8.6000 +0.1114 
+16.1796 +8.6002 +0.1190 
+18.1394 +8.6000 +0.1194 
+20.0998 +8.6001 +0.1124 
+0.5005 +6.8747 +0.0453 
+2.4596 +6.8753 +0.0554 
+4.4197 +6.8750 +0.0543 
+6.3800 +6.8749 +0.0579 
+8.3405 +6.8750 +0.0578 
+10.3000 +6.8751 +0.0539 
+12.2594 +6.8751 +0.0551 
+14.2197 +6.8751 +0.0590 
+16.1798 +6.8752 +0.0716 
+18.1405 +6.8754 +0.0688 
+20.0991 +6.8754 +0.0591 
+0.4999 +5.1501 -0.0189 
+2.4605 +5.1504 -0.0103 
+4.4191 +5.1500 -0.0100 
+6.3795 +5.1500 -0.0102 
+8.3407 +5.1502 -0.0107 
+10.3002 +5.1502 -0.0126 
+12.2604 +5.1501 -0.0106 
+14.2203 +5.1501 -0.0063 
+16.1797 +5.1505 +0.0005 
+18.1384 +5.1502 -0.0004 
+20.1003 +5.1501 -0.0099 
+0.4994 +3.4250 -0.0939 
+2.4605 +3.4255 -0.0829 
+4.4202 +3.4255 -0.0809 
+6.3802 +3.4254 -0.0834 
+8.3401 +3.4252 -0.0850 
+10.3001 +3.4250 -0.0846 
+12.2600 +3.4250 -0.0833 
+14.2196 +3.4250 -0.0790 
+16.1790 +3.4252 -0.0748 
+18.1403 +3.4253 -0.0752 
+20.1001 +3.4253 -0.0850 

+0.4991 +22.4002 -0.0717 
+2.4595 +22.4001 -0.0704 
+4.4195 +22.4004 -0.0687 
+6.3791 +22.4003 -0.0788 
+8.3400 +22.4004 -0.0828 
+10.2999 +22.4003 -0.0859 
+12.2597 +22.4001 -0.0886 
+14.2196 +22.4002 -0.0921 
+16.1798 +22.4004 -0.0802 
+18.1395 +22.4001 -0.0875 
+20.1004 +22.4000 -0.1079 
+0.4999 +20.6750 -0.0061 
+2.4603 +20.6752 -0.0053 
+4.4203 +20.6751 -0.0076 
+6.3791 +20.6752 -0.0106 
+8.3402 +20.6752 -0.0162 
+10.3001 +20.6749 -0.0166 
+12.2595 +20.6748 -0.0180 
+14.2197 +20.6749 -0.0216 
+16.1796 +20.6749 -0.0249 
+18.1395 +20.6749 -0.0265 
+20.0998 +20.6750 -0.0392 
+0.4998 +18.9501 +0.0535 
+2.4600 +18.9504 +0.0541 
+4.4195 +18.9503 +0.0566 
+6.3802 +18.9501 +0.0567 
+8.3400 +18.9499 +0.0489 
+10.2997 +18.9499 +0.0496 
+12.2600 +18.9498 +0.0472 
+14.2194 +18.9498 +0.0442 
+16.1803 +18.9500 +0.0421 
+18.1397 +18.9499 +0.0380 
+20.0994 +18.9501 +0.0263 
+0.5002 +17.2255 +0.1084 
+2.4597 +17.2255 +0.1074 
+4.4199 +17.2252 +0.1069 
+6.3804 +17.2252 +0.1129 
+8.3396 +17.2250 +0.1058 
+10.2998 +17.2254 +0.1034 
+12.2592 +17.2248 +0.1041 
+14.2200 +17.2249 +0.1033 
+16.1797 +17.2250 +0.1022 
+18.1393 +17.2250 +0.0978 
+20.0997 +17.2249 +0.0893 
+0.5002 +15.5000 +0.1467 
+2.4591 +15.5004 +0.1549 
+4.4198 +15.5002 +0.1465 
+6.3798 +15.5003 +0.1505 
+8.3397 +15.5002 +0.1456 
+10.2998 +15.4998 +0.1408 
+12.2601 +15.4998 +0.1418 
+14.2195 +15.5000 +0.1412 
+16.1796 +15.5002 +0.1421 
+18.1394 +15.5001 +0.1390 
+20.1002 +15.5003 +0.1320 
+0.5007 +13.7750 +0.1665 
+2.4599 +13.7751 +0.1740 
+4.4202 +13.7753 +0.1673 
+6.3798 +13.7752 +0.1687 
+8.3401 +13.7752 +0.1638 
+10.3003 +13.7750 +0.1601 
+12.2600 +13.7752 +0.1589 
+14.2200 +13.7753 +0.1581 
+16.1792 +13.7753 +0.1643 
+18.1401 +13.7752 +0.1614 
+20.0994 +13.7750 +0.1518 
+0.5003 +12.0511 +0.1697 
+2.4592 +12.0505 +0.1750 
+4.4194 +12.0505 +0.1705 
+6.3799 +12.0507 +0.1680 
+8.3402 +12.0503 +0.1626 
+10.2998 +12.0503 +0.1570 
+12.2601 +12.0501 +0.1561 
+14.2198 +12.0500 +0.1578 
+16.1801 +12.0500 +0.1663 
+18.1396 +12.0501 +0.1628 
+20.0998 +12.0498 +0.1497 
+0.5001 +10.3250 +0.1398 
+2.4599 +10.3253 +0.1533 
+4.4190 +10.3254 +0.1493 
+6.3804 +10.3254 +0.1466 
+8.3401 +10.3254 +0.1412 
+10.2993 +10.3252 +0.1387 
+12.2603 +10.3253 +0.1384 
+14.2201 +10.3252 +0.1408 
+16.1801 +10.3254 +0.1521 
+18.1400 +10.3251 +0.1481 
+20.0993 +10.3248 +0.1342 
+0.5006 +8.6002 +0.1056 
+2.4593 +8.6007 +0.1172 
+4.4195 +8.6005 +0.1109 
+6.3802 +8.6001 +0.1186 
+8.3391 +8.6004 +0.1140 
+10.2990 +8.6000 +0.1111 
+12.2598 +8.5996 +0.1109 
+14.2201 +8.5998 +0.1130 
+16.1796 +8.6002 +0.1234 
+18.1394 +8.6003 +0.1219 
+20.1002 +8.6003 +0.1121 
+0.4999 +6.8751 +0.0532 
+2.4600 +6.8752 +0.0651 
+4.4192 +6.8750 +0.0575 
+6.3790 +6.8754 +0.0620 
+8.3389 +6.8753 +0.0592 
+10.3002 +6.8753 +0.0567 
+12.2599 +6.8754 +0.0584 
+14.2199 +6.8751 +0.0613 
+16.1800 +6.8751 +0.0717 
+18.1398 +6.8753 +0.0725 
+20.0995 +6.8752 +0.0669 
+0.5001 +5.1504 -0.0234 
+2.4598 +5.1503 -0.0138 
+4.4203 +5.1505 -0.0182 
+6.3804 +5.1500 -0.0157 
+8.3395 +5.1501 -0.0147 
+10.2997 +5.1500 -0.0171 
+12.2597 +5.1502 -0.0137 
+14.2200 +5.1504 -0.0062 
+16.1800 +5.1501 +0.0043 
+18.1398 +5.1500 +0.0056 
+20.0993 +5.1501 +0.0023 
+0.5001 +3.4251 -0.1095 
+2.4601 +3.4250 -0.1012 
+4.4198 +3.4251 -0.1032 
+6.3804 +3.4250 -0.1028 
+8.3388 +3.4254 -0.0956 
+10.2998 +3.4254 -0.0954 
+12.2596 +3.4251 -0.0874 
+14.2203 +3.4254 -0.0761 
+16.1800 +3.4253 -0.0664 
+18.1403 +3.4253 -0.0629 
+20.0999 +3.4256 -0.0652 

+0.5002 +22.3999 -0.0654 
+2.4602 +22.3994 -0.0702 
+4.4201 +22.3996 -0.0292 
+6.3804 +22.3994 -0.0697 
+8.3389 +22.3994 -0.0764 
+10.2997 +22.3995 -0.0778 
+12.2600 +22.3994 -0.0802 
+14.2198 +22.3995 -0.0842 
+16.1800 +22.3994 -0.0876 
+18.1395 +22.3996 -0.0885 
+20.0994 +22.3993 -0.0906 
+0.4996 +20.6752 -0.0036 
+2.4596 +20.6746 -0.0084 
+4.4204 +20.6746 -0.0118 
+6.3801 +20.6745 -0.0142 
+8.3395 +20.6747 -0.0161 
+10.2989 +20.6744 -0.0187 
+12.2602 +20.6746 -0.0234 
+14.2203 +20.6745 -0.0273 
+16.1795 +20.6745 -0.0307 
+18.1388 +20.6746 -0.0315 
+20.1000 +20.6745 -0.0340 
+0.4999 +18.9502 +0.0587 
+2.4601 +18.9496 +0.0510 
+4.4198 +18.9495 +0.0451 
+6.3800 +18.9496 +0.0440 
+8.3400 +18.9495 +0.0429 
+10.3003 +18.9495 +0.0367 
+12.2596 +18.9494 +0.0320 
+14.2213 +18.9498 +0.0299 
+16.1806 +18.9496 +0.0301 
+18.1392 +18.9497 +0.0278 
+20.0999 +18.9495 +0.0246 
+0.4999 +17.2252 +0.1172 
+2.4599 +17.2246 +0.1075 
+4.4206 +17.2246 +0.0982 
+6.3794 +17.2248 +0.0978 
+8.3394 +17.2245 +0.0925 
+10.2993 +17.2247 +0.0876 
+12.2598 +17.2245 +0.0843 
+14.2201 +17.2245 +0.0814 
+16.1801 +17.2245 +0.0828 
+18.1399 +17.2247 +0.0823 
+20.0999 +17.2247 +0.0781 
+0.5002 +15.5001 +0.1462 
+2.4601 +15.4996 +0.1431 
+4.4200 +15.4996 +0.1362 
+6.3796 +15.4996 +0.1340 
+8.3407 +15.4996 +0.1277 
+10.3003 +15.4997 +0.1220 
+12.2600 +15.4994 +0.1211 
+14.2196 +15.4995 +0.1232 
+16.1800 +15.4996 +0.1223 
+18.1383 +15.4995 +0.1201 
+20.1008 +15.4994 +0.1137 
+0.5003 +13.7750 +0.1628 
+2.4597 +13.7745 +0.1663 
+4.4202 +13.7745 +0.1577 
+6.3800 +13.7745 +0.1533 
+8.3397 +13.7746 +0.1454 
+10.2998 +13.7745 +0.1394 
+12.2593 +13.7744 +0.1387 
+14.2190 +13.7745 +0.1392 
+16.1802 +13.7746 +0.1428 
+18.1392 +13.7746 +0.1393 
+20.0997 +13.7744 +0.1312 
+0.5001 +12.0503 +0.1520 
+2.4594 +12.0495 +0.1598 
+4.4190 +12.0497 +0.1575 
+6.3798 +12.0496 +0.1514 
+8.3399 +12.0495 +0.1430 
+10.3000 +12.0496 +0.1381 
+12.2598 +12.0495 +0.1365 
+14.2203 +12.0496 +0.1389 
+16.1794 +12.0496 +0.1456 
+18.1379 +12.0497 +0.1426 
+20.0983 +12.0495 +0.1335 
+0.5003 +10.3253 +0.1278 
+2.4603 +10.3245 +0.1395 
+4.4173 +10.3247 +0.1382 
+6.3794 +10.3246 +0.1345 
+8.3401 +10.3246 +0.1310 
+10.2997 +10.3247 +0.1224 
+12.2597 +10.3245 +0.1228 
+14.2204 +10.3247 +0.1274 
+16.1799 +10.3246 +0.1361 
+18.1401 +10.3246 +0.1332 
+20.0996 +10.3247 +0.1234 
+0.5003 +8.6001 +0.0917 
+2.4602 +8.5996 +0.1041 
+4.4200 +8.5997 +0.1040 
+6.3795 +8.5995 +0.0998 
+8.3408 +8.5996 +0.0944 
+10.2996 +8.5997 +0.0934 
+12.2593 +8.5996 +0.0970 
+14.2196 +8.5996 +0.1026 
+16.1803 +8.5997 +0.1105 
+18.1403 +8.5995 +0.1086 
+20.0999 +8.5997 +0.0988 
+0.4998 +6.8751 +0.0452 
+2.4605 +6.8745 +0.0537 
+4.4183 +6.8747 +0.0534 
+6.3795 +6.8745 +0.0506 
+8.3397 +6.8746 +0.0491 
+10.3003 +6.8746 +0.0500 
+12.2596 +6.8746 +0.0546 
+14.2201 +6.8747 +0.0611 
+16.1800 +6.8747 +0.0699 
+18.1417 +6.8747 +0.0681 
+20.0997 +6.8746 +0.0587 
+0.5003 +5.1501 -0.0289 
+2.4592 +5.1496 -0.0189 
+4.4200 +5.1495 -0.0178 
+6.3796 +5.1496 -0.0181 
+8.3395 +5.1498 -0.0153 
+10.3002 +5.1496 -0.0101 
+12.2601 +5.1497 -0.0033 
+14.2199 +5.1497 +0.0050 
+16.1774 +5.1498 +0.0118 
+18.1395 +5.1495 +0.0101 
+20.0992 +5.1495 +0.0013 
+0.5005 +3.4253 -0.1066 
+2.4600 +3.4244 -0.0955 
+4.4195 +3.4247 -0.0926 
+6.3797 +3.4247 -0.0904 
+8.3403 +3.4248 -0.0838 
+10.2997 +3.4244 -0.0747 
+12.2602 +3.4247 -0.0654 
+14.2199 +3.4246 -0.0573 
+16.1796 +3.4245 -0.0531 
+18.1400 +3.4245 -0.0553 
+20.0984 +3.4247 -0.0639 

+0.4992 +22.4003 -0.0731 
+2.4602 +22.4003 -0.0609 
+4.4197 +22.4008 -0.0542 
+6.3810 +22.4005 -0.0502 
+8.3394 +22.4004 -0.0382 
+10.3006 +22.4005 -0.0453 
+12.2599 +22.4006 -0.0503 
+14.2198 +22.4005 -0.0573 
+16.1792 +22.4008 -0.0682 
+18.1406 +22.4008 -0.0794 
+20.0999 +22.4005 -0.1011 
+0.5004 +20.6749 -0.0168 
+2.4604 +20.6751 -0.0054 
+4.4203 +20.6756 +0.0012 
+6.3808 +20.6755 +0.0162 
+8.3391 +20.6758 +0.0086 
+10.3005 +20.6754 +0.0075 
+12.2593 +20.6755 +0.0053 
+14.2203 +20.6758 -0.0019 
+16.1793 +20.6754 -0.0141 
+18.1398 +20.6752 -0.0299 
+20.0999 +20.6745 -0.0541 
+0.5002 +18.9505 +0.0375 
+2.4597 +18.9505 +0.0483 
+4.4204 +18.9505 +0.0538 
+6.3799 +18.9508 +0.0595 
+8.3411 +18.9505 +0.0618 
+10.3002 +18.9507 +0.0599 
+12.2587 +18.9505 +0.0558 
+14.2198 +18.9501 +0.0499 
+16.1802 +18.9507 +0.0413 
+18.1400 +18.9508 +0.0215 
+20.1000 +18.9507 -0.0061 
+0.4999 +17.2251 +0.0836 
+2.4596 +17.2253 +0.0923 
+4.4206 +17.2254 +0.0979 
+6.3797 +17.2257 +0.1055 
+8.3401 +17.2258 +0.1059 
+10.2998 +17.2258 +0.1035 
+12.2614 +17.2256 +0.1001 
+14.2202 +17.2255 +0.0966 
+16.1808 +17.2255 +0.0896 
+18.1400 +17.2258 +0.0760 
+20.0994 +17.2255 +0.0481 
+0.5009 +15.5002 +0.1109 
+2.4600 +15.5009 +0.1212 
+4.4197 +15.5006 +0.1273 
+6.3801 +15.5007 +0.1348 
+8.3396 +15.5007 +0.1344 
+10.3001 +15.5006 +0.1317 
+12.2598 +15.5008 +0.1297 
+14.2192 +15.5007 +0.1285 
+16.1803 +15.5003 +0.1264 
+18.1395 +15.5006 +0.1177 
+20.0991 +15.5008 +0.0964 
+0.5001 +13.7754 +0.1226 
+2.4599 +13.7754 +0.1382 
+4.4216 +13.7755 +0.1430 
+6.3799 +13.7757 +0.1496 
+8.3399 +13.7748 +0.1505 
+10.3000 +13.7754 +0.1481 
+12.2607 +13.7750 +0.1481 
+14.2195 +13.7756 +0.1494 
+16.1802 +13.7751 +0.1509 
+18.1395 +13.7755 +0.1442 
+20.1005 +13.7757 +0.1275 
+0.5005 +12.0502 +0.1214 
+2.4603 +12.0505 +0.1375 
+4.4216 +12.0505 +0.1433 
+6.3793 +12.0503 +0.1485 
+8.3403 +12.0506 +0.1513 
+10.2998 +12.0508 +0.1512 
+12.2595 +12.0504 +0.1520 
+14.2200 +12.0509 +0.1537 
+16.1797 +12.0506 +0.1592 
+18.1400 +12.0507 +0.1538 
+20.1007 +12.0502 +0.1389 
+0.5003 +10.3256 +0.1032 
+2.4594 +10.3251 +0.1223 
+4.4213 +10.3254 +0.1276 
+6.3797 +10.3257 +0.1336 
+8.3391 +10.3257 +0.1376 
+10.3005 +10.3260 +0.1393 
+12.2595 +10.3252 +0.1412 
+14.2198 +10.3257 +0.1437 
+16.1795 +10.3256 +0.1501 
+18.1389 +10.3256 +0.1450 
+20.0990 +10.3259 +0.1292 
+0.5000 +8.6004 +0.0732 
+2.4600 +8.6004 +0.0928 
+4.4203 +8.6005 +0.0990 
+6.3797 +8.6003 +0.1050 
+8.3394 +8.6008 +0.1098 
+10.2998 +8.6009 +0.1127 
+12.2594 +8.6007 +0.1144 
+14.2189 +8.6008 +0.1173 
+16.1797 +8.6010 +0.1230 
+18.1394 +8.6003 +0.1168 
+20.0997 +8.6007 +0.0985 
+0.5005 +6.8751 +0.0277 
+2.4598 +6.8752 +0.0480 
+4.4202 +6.8755 +0.0549 
+6.3803 +6.8754 +0.0616 
+8.3396 +6.8755 +0.0652 
+10.2995 +6.8758 +0.0683 
+12.2609 +6.8756 +0.0695 
+14.2199 +6.8753 +0.0723 
+16.1798 +6.8756 +0.0773 
+18.1399 +6.8753 +0.0672 
+20.0996 +6.8758 +0.0448 
+0.5002 +5.1504 -0.0302 
+2.4594 +5.1505 -0.0114 
+4.4198 +5.1506 -0.0025 
+6.3803 +5.1504 +0.0021 
+8.3397 +5.1506 +0.0047 
+10.3002 +5.1505 +0.0072 
+12.2601 +5.1506 +0.0098 
+14.2199 +5.1504 +0.0145 
+16.1802 +5.1508 +0.0171 
+18.1399 +5.1506 +0.0030 
+20.1003 +5.1507 -0.0208 
+0.5003 +3.4251 -0.0928 
+2.4597 +3.4253 -0.0587 
+4.4203 +3.4257 -0.0658 
+6.3798 +3.4256 -0.0633 
+8.3395 +3.4257 -0.0629 
+10.2996 +3.4257 -0.0606 
+12.2596 +3.4256 -0.0555 
+14.2184 +3.4255 -0.0493 
+16.1806 +3.4257 -0.0478 
+18.1391 +3.4255 -0.0609 
+20.1005 +3.4257 -0.0882
