C:\Partrtn\Jobs\Hao\ladder_full.RTN 09/10/2012 16:49:15     1
+0.5029 +22.3952 -0.0964 
+2.4629 +22.3954 -0.0972 
+4.4229 +22.3956 -0.1014 
+6.3830 +22.3955 -0.1058 
+8.3430 +22.3955 -0.1127 
+10.3030 +22.3952 -0.1137 
+12.2630 +22.3954 -0.1127 
+14.2230 +22.3950 -0.1099 
+16.1830 +22.3949 -0.1031 
+18.1429 +22.3954 -0.1034 
+20.1030 +22.3955 -0.1119 
+0.5022 +20.6708 -0.0215 
+2.4621 +20.6714 -0.0196 
+4.4222 +20.6717 -0.0215 
+6.3823 +20.6718 -0.0271 
+8.3423 +20.6713 -0.0306 
+10.3024 +20.6716 -0.0315 
+12.2624 +20.6714 -0.0321 
+14.2223 +20.6718 -0.0288 
+16.1823 +20.6719 -0.0235 
+18.1422 +20.6719 -0.0239 
+20.1023 +20.6717 -0.0296 
+0.5017 +18.9469 +0.0501 
+2.4616 +18.9473 +0.0517 
+4.4216 +18.9476 +0.0503 
+6.3818 +18.9479 +0.0469 
+8.3417 +18.9476 +0.0446 
+10.3016 +18.9472 +0.0434 
+12.2617 +18.9478 +0.0454 
+14.2217 +18.9480 +0.0493 
+16.1818 +18.9482 +0.0517 
+18.1416 +18.9481 +0.0522 
+20.1016 +18.9478 +0.0488 
+0.5009 +17.2227 +0.1162 
+2.4610 +17.2233 +0.1147 
+4.4211 +17.2238 +0.1131 
+6.3812 +17.2239 +0.1117 
+8.3412 +17.2238 +0.1092 
+10.3012 +17.2239 +0.1090 
+12.2612 +17.2240 +0.1117 
+14.2211 +17.2241 +0.1139 
+16.1811 +17.2241 +0.1168 
+18.1411 +17.2237 +0.1187 
+20.1012 +17.2235 +0.1152 
+0.5006 +15.4982 +0.1614 
+2.4608 +15.4991 +0.1589 
+4.4209 +15.4995 +0.1581 
+6.3808 +15.4996 +0.1571 
+8.3407 +15.4997 +0.1565 
+10.3007 +15.4997 +0.1581 
+12.2608 +15.4998 +0.1589 
+14.2208 +15.4998 +0.1621 
+16.1807 +15.4999 +0.1645 
+18.1407 +15.5000 +0.1651 
+20.1007 +15.4998 +0.1639 
+0.5005 +13.7736 +0.1741 
+2.4606 +13.7744 +0.1780 
+4.4208 +13.7749 +0.1792 
+6.3807 +13.7750 +0.1768 
+8.3406 +13.7751 +0.1777 
+10.3006 +13.7751 +0.1786 
+12.2605 +13.7753 +0.1790 
+14.2206 +13.7751 +0.1828 
+16.1805 +13.7754 +0.1852 
+18.1406 +13.7754 +0.1871 
+20.1005 +13.7753 +0.1872 
+0.5006 +12.0486 +0.1697 
+2.4606 +12.0493 +0.1764 
+4.4206 +12.0497 +0.1774 
+6.3806 +12.0500 +0.1771 
+8.3406 +12.0499 +0.1756 
+10.3007 +12.0499 +0.1737 
+12.2606 +12.0499 +0.1740 
+14.2207 +12.0501 +0.1768 
+16.1806 +12.0502 +0.1811 
+18.1405 +12.0503 +0.1835 
+20.1006 +12.0502 +0.1842 
+0.5008 +10.3228 +0.1515 
+2.4607 +10.3240 +0.1573 
+4.4209 +10.3246 +0.1596 
+6.3808 +10.3246 +0.1575 
+8.3408 +10.3247 +0.1556 
+10.3007 +10.3247 +0.1544 
+12.2607 +10.3246 +0.1529 
+14.2208 +10.3243 +0.1546 
+16.1807 +10.3249 +0.1591 
+18.1408 +10.3247 +0.1615 
+20.1007 +10.3249 +0.1618 
+0.5009 +8.5977 +0.1181 
+2.4611 +8.5986 +0.1234 
+4.4211 +8.5990 +0.1251 
+6.3811 +8.5992 +0.1229 
+8.3411 +8.5992 +0.1228 
+10.3011 +8.5993 +0.1226 
+12.2612 +8.5987 +0.1187 
+14.2211 +8.5989 +0.1189 
+16.1811 +8.5992 +0.1213 
+18.1411 +8.5993 +0.1231 
+20.1010 +8.5993 +0.1248 
+0.5014 +6.8718 +0.0634 
+2.4616 +6.8728 +0.0678 
+4.4216 +6.8732 +0.0676 
+6.3815 +6.8730 +0.0680 
+8.3416 +6.8730 +0.0664 
+10.3015 +6.8732 +0.0663 
+12.2615 +6.8729 +0.0651 
+14.2216 +6.8734 +0.0644 
+16.1816 +6.8735 +0.0649 
+18.1416 +6.8735 +0.0654 
+20.1015 +6.8730 +0.0645 
+0.5021 +5.1459 -0.0070 
+2.4621 +5.1467 -0.0061 
+4.4221 +5.1466 -0.0047 
+6.3822 +5.1470 -0.0060 
+8.3421 +5.1470 -0.0070 
+10.3022 +5.1471 -0.0054 
+12.2621 +5.1472 -0.0064 
+14.2221 +5.1473 -0.0077 
+16.1821 +5.1470 -0.0071 
+18.1421 +5.1467 -0.0079 
+20.1021 +5.1472 -0.0102 
+0.5027 +3.4196 -0.0891 
+2.4628 +3.4204 -0.0851 
+4.4227 +3.4205 -0.0863 
+6.3827 +3.4207 -0.0877 
+8.3428 +3.4207 -0.0876 
+10.3028 +3.4210 -0.0872 
+12.2628 +3.4211 -0.0864 
+14.2228 +3.4210 -0.0873 
+16.1829 +3.4210 -0.0886 
+18.1427 +3.4210 -0.0880 
+20.1028 +3.4210 -0.0895 

+0.5047 +22.3828 -0.1154 
+2.4646 +22.3827 -0.1125 
+4.4247 +22.3830 -0.1150 
+6.3846 +22.3830 -0.1142 
+8.3445 +22.3835 -0.1090 
+10.3045 +22.3833 -0.1016 
+12.2645 +22.3829 -0.0993 
+14.2246 +22.3831 -0.1003 
+16.1846 +22.3835 -0.1006 
+18.1446 +22.3837 -0.0968 
+20.1045 +22.3836 -0.0925 
+0.5038 +20.6584 -0.0310 
+2.4639 +20.6591 -0.0318 
+4.4239 +20.6588 -0.0343 
+6.3839 +20.6592 -0.0316 
+8.3439 +20.6594 -0.0286 
+10.3039 +20.6592 -0.0222 
+12.2639 +20.6597 -0.0183 
+14.2238 +20.6595 -0.0191 
+16.1839 +20.6595 -0.0183 
+18.1437 +20.6597 -0.0137 
+20.1038 +20.6599 -0.0128 
+0.5032 +18.9343 +0.0437 
+2.4632 +18.9350 +0.0473 
+4.4233 +18.9354 +0.0478 
+6.3833 +18.9354 +0.0449 
+8.3433 +18.9356 +0.0492 
+10.3032 +18.9353 +0.0534 
+12.2631 +18.9355 +0.0536 
+14.2231 +18.9356 +0.0551 
+16.1832 +18.9353 +0.0591 
+18.1432 +18.9358 +0.0621 
+20.1031 +18.9355 +0.0618 
+0.5027 +17.2102 +0.1097 
+2.4626 +17.2108 +0.1135 
+4.4226 +17.2113 +0.1139 
+6.3827 +17.2116 +0.1114 
+8.3427 +17.2114 +0.1134 
+10.3026 +17.2114 +0.1165 
+12.2627 +17.2112 +0.1164 
+14.2227 +17.2117 +0.1182 
+16.1827 +17.2118 +0.1198 
+18.1425 +17.2114 +0.1210 
+20.1025 +17.2113 +0.1236 
+0.5023 +15.4859 +0.1610 
+2.4624 +15.4867 +0.1637 
+4.4222 +15.4874 +0.1624 
+6.3822 +15.4870 +0.1601 
+8.3423 +15.4868 +0.1601 
+10.3023 +15.4873 +0.1604 
+12.2623 +15.4873 +0.1604 
+14.2222 +15.4874 +0.1601 
+16.1822 +15.4875 +0.1590 
+18.1422 +15.4873 +0.1606 
+20.1023 +15.4870 +0.1580 
+0.5020 +13.7609 +0.1807 
+2.4621 +13.7620 +0.1823 
+4.4221 +13.7625 +0.1817 
+6.3821 +13.7625 +0.1801 
+8.3421 +13.7627 +0.1784 
+10.3021 +13.7627 +0.1775 
+12.2620 +13.7626 +0.1755 
+14.2221 +13.7620 +0.1728 
+16.1821 +13.7625 +0.1738 
+18.1420 +13.7621 +0.1733 
+20.1021 +13.7625 +0.1687 
+0.5023 +12.0359 +0.1710 
+2.4624 +12.0367 +0.1736 
+4.4223 +12.0374 +0.1734 
+6.3820 +12.0376 +0.1758 
+8.3420 +12.0376 +0.1766 
+10.3021 +12.0371 +0.1724 
+12.2621 +12.0372 +0.1661 
+14.2222 +12.0372 +0.1646 
+16.1821 +12.0371 +0.1693 
+18.1422 +12.0376 +0.1689 
+20.1022 +12.0374 +0.1578 
+0.5024 +10.3107 +0.1480 
+2.4623 +10.3114 +0.1493 
+4.4223 +10.3119 +0.1490 
+6.3822 +10.3116 +0.1532 
+8.3422 +10.3120 +0.1562 
+10.3023 +10.3122 +0.1474 
+12.2624 +10.3117 +0.1444 
+14.2224 +10.3116 +0.1428 
+16.1823 +10.3120 +0.1470 
+18.1424 +10.3122 +0.1476 
+20.1025 +10.3118 +0.1360 
+0.5027 +8.5852 +0.1100 
+2.4627 +8.5860 +0.1121 
+4.4227 +8.5864 +0.1122 
+6.3826 +8.5862 +0.1133 
+8.3426 +8.5865 +0.1162 
+10.3026 +8.5861 +0.1087 
+12.2626 +8.5866 +0.1062 
+14.2227 +8.5865 +0.1039 
+16.1827 +8.5862 +0.1074 
+18.1426 +8.5867 +0.1096 
+20.1027 +8.5864 +0.0981 
+0.5032 +6.8593 +0.0479 
+2.4632 +6.8602 +0.0500 
+4.4232 +6.8602 +0.0475 
+6.3832 +6.8604 +0.0493 
+8.3432 +6.8606 +0.0552 
+10.3032 +6.8605 +0.0513 
+12.2632 +6.8604 +0.0465 
+14.2232 +6.8608 +0.0451 
+16.1833 +6.8606 +0.0489 
+18.1432 +6.8609 +0.0501 
+20.1033 +6.8608 +0.0403 
+0.5039 +5.1331 -0.0330 
+2.4639 +5.1338 -0.0298 
+4.4239 +5.1341 -0.0302 
+6.3839 +5.1342 -0.0290 
+8.3438 +5.1341 -0.0261 
+10.3038 +5.1344 -0.0269 
+12.2639 +5.1344 -0.0302 
+14.2239 +5.1346 -0.0283 
+16.1839 +5.1344 -0.0240 
+18.1439 +5.1346 -0.0273 
+20.1039 +5.1345 -0.0379 
+0.5046 +3.4072 -0.1140 
+2.4645 +3.4079 -0.1078 
+4.4245 +3.4082 -0.1056 
+6.3846 +3.4082 -0.1079 
+8.3446 +3.4085 -0.1084 
+10.3046 +3.4086 -0.1070 
+12.2645 +3.4087 -0.1081 
+14.2246 +3.4087 -0.1047 
+16.1845 +3.4085 -0.1011 
+18.1445 +3.4082 -0.1073 
+20.1048 +3.4082 -0.1223 

+0.5268 +22.3791 -0.0980 
+2.4867 +22.3793 -0.0922 
+4.4468 +22.3792 -0.0936 
+6.4067 +22.3793 -0.0946 
+8.3668 +22.3791 -0.0949 
+10.3268 +22.3792 -0.0965 
+12.2869 +22.3794 -0.0994 
+14.2468 +22.3793 -0.1015 
+16.2069 +22.3791 -0.1045 
+18.1669 +22.3793 -0.1009 
+20.1268 +22.3793 -0.1022 
+0.5263 +20.6542 -0.0193 
+2.4863 +20.6552 -0.0152 
+4.4463 +20.6554 -0.0136 
+6.4063 +20.6556 -0.0131 
+8.3664 +20.6556 -0.0165 
+10.3263 +20.6552 -0.0174 
+12.2862 +20.6554 -0.0192 
+14.2463 +20.6554 -0.0226 
+16.2063 +20.6554 -0.0242 
+18.1663 +20.6552 -0.0232 
+20.1263 +20.6550 -0.0244 
+0.5258 +18.9302 +0.0556 
+2.4857 +18.9311 +0.0592 
+4.4459 +18.9315 +0.0609 
+6.4058 +18.9317 +0.0591 
+8.3658 +18.9313 +0.0588 
+10.3257 +18.9313 +0.0591 
+12.2859 +18.9314 +0.0570 
+14.2458 +18.9312 +0.0554 
+16.2059 +18.9313 +0.0527 
+18.1658 +18.9312 +0.0492 
+20.1258 +18.9313 +0.0495 
+0.5254 +17.2062 +0.1192 
+2.4854 +17.2071 +0.1215 
+4.4454 +17.2075 +0.1220 
+6.4054 +17.2070 +0.1219 
+8.3654 +17.2075 +0.1220 
+10.3254 +17.2073 +0.1224 
+12.2854 +17.2074 +0.1239 
+14.2454 +17.2077 +0.1229 
+16.2054 +17.2077 +0.1184 
+18.1655 +17.2076 +0.1157 
+20.1255 +17.2042 +0.1067 
+0.5251 +15.4818 +0.1566 
+2.4850 +15.4824 +0.1594 
+4.4452 +15.4830 +0.1601 
+6.4052 +15.4832 +0.1609 
+8.3651 +15.4829 +0.1620 
+10.3251 +15.4835 +0.1641 
+12.2851 +15.4833 +0.1648 
+14.2452 +15.4834 +0.1636 
+16.2051 +15.4831 +0.1596 
+18.1651 +15.4831 +0.1571 
+20.1253 +15.4819 +0.1418 
+0.5251 +13.7567 +0.1671 
+2.4850 +13.7577 +0.1715 
+4.4451 +13.7583 +0.1746 
+6.4051 +13.7582 +0.1760 
+8.3651 +13.7582 +0.1755 
+10.3250 +13.7585 +0.1741 
+12.2851 +13.7582 +0.1731 
+14.2451 +13.7583 +0.1719 
+16.2051 +13.7584 +0.1750 
+18.1650 +13.7585 +0.1706 
+20.1251 +13.7584 +0.1596 
+0.5251 +12.0316 +0.1561 
+2.4851 +12.0329 +0.1659 
+4.4452 +12.0332 +0.1671 
+6.4050 +12.0335 +0.1653 
+8.3650 +12.0331 +0.1667 
+10.3252 +12.0334 +0.1642 
+12.2852 +12.0333 +0.1604 
+14.2452 +12.0335 +0.1611 
+16.2050 +12.0337 +0.1695 
+18.1650 +12.0336 +0.1666 
+20.1252 +12.0334 +0.1535 
+0.5253 +10.3064 +0.1338 
+2.4852 +10.3073 +0.1463 
+4.4451 +10.3074 +0.1436 
+6.4053 +10.3078 +0.1417 
+8.3653 +10.3076 +0.1428 
+10.3253 +10.3076 +0.1372 
+12.2852 +10.3075 +0.1369 
+14.2452 +10.3079 +0.1379 
+16.2053 +10.3081 +0.1454 
+18.1652 +10.3076 +0.1461 
+20.1252 +10.3080 +0.1329 
+0.5256 +8.5812 +0.0967 
+2.4856 +8.5817 +0.1069 
+4.4455 +8.5818 +0.1033 
+6.4055 +8.5818 +0.0995 
+8.3655 +8.5823 +0.1004 
+10.3256 +8.5822 +0.0957 
+12.2856 +8.5823 +0.0964 
+14.2455 +8.5819 +0.0940 
+16.2055 +8.5820 +0.1017 
+18.1655 +8.5819 +0.1043 
+20.1256 +8.5820 +0.0924 
+0.5259 +6.8553 +0.0399 
+2.4859 +6.8559 +0.0491 
+4.4459 +6.8564 +0.0462 
+6.4060 +6.8565 +0.0391 
+8.3660 +6.8565 +0.0402 
+10.3260 +6.8559 +0.0357 
+12.2859 +6.8560 +0.0352 
+14.2459 +6.8561 +0.0360 
+16.2059 +6.8559 +0.0425 
+18.1659 +6.8562 +0.0441 
+20.1259 +6.8562 +0.0363 
+0.5263 +5.1290 -0.0325 
+2.4864 +5.1301 -0.0250 
+4.4464 +5.1302 -0.0264 
+6.4064 +5.1297 -0.0324 
+8.3665 +5.1294 -0.0341 
+10.3265 +5.1299 -0.0358 
+12.2865 +5.1302 -0.0370 
+14.2464 +5.1298 -0.0343 
+16.2064 +5.1303 -0.0287 
+18.1663 +5.1305 -0.0260 
+20.1264 +5.1300 -0.0302 
+0.5269 +3.4029 -0.1093 
+2.4869 +3.4039 -0.1023 
+4.4469 +3.4041 -0.1003 
+6.4069 +3.4038 -0.1063 
+8.3669 +3.4044 -0.1093 
+10.3269 +3.4040 -0.1097 
+12.2870 +3.4043 -0.1109 
+14.2469 +3.4039 -0.1079 
+16.2069 +3.4044 -0.1014 
+18.1669 +3.4045 -0.0996 
+20.1269 +3.4046 -0.1021 

+0.4999 +22.3962 -0.0870 
+2.4597 +22.3961 -0.0872 
+4.4198 +22.3961 -0.0899 
+6.3799 +22.3963 -0.0919 
+8.3398 +22.3964 -0.0936 
+10.2999 +22.3962 -0.0959 
+12.2599 +22.3963 -0.0994 
+14.2198 +22.3963 -0.1010 
+16.1799 +22.3964 -0.1038 
+18.1398 +22.3962 -0.1051 
+20.0999 +22.3962 -0.1074 
+0.4994 +20.6715 -0.0083 
+2.4593 +20.6722 -0.0073 
+4.4193 +20.6721 -0.0118 
+6.3794 +20.6720 -0.0149 
+8.3394 +20.6722 -0.0152 
+10.2994 +20.6723 -0.0197 
+12.2594 +20.6724 -0.0218 
+14.2194 +20.6719 -0.0226 
+16.1794 +20.6720 -0.0255 
+18.1394 +20.6725 -0.0272 
+20.0995 +20.6724 -0.0322 
+0.4988 +18.9475 +0.0658 
+2.4588 +18.9480 +0.0626 
+4.4189 +18.9480 +0.0588 
+6.3790 +18.9480 +0.0576 
+8.3388 +18.9480 +0.0547 
+10.2989 +18.9484 +0.0514 
+12.2589 +18.9485 +0.0503 
+14.2192 +18.9484 +0.0472 
+16.1790 +18.9485 +0.0461 
+18.1390 +18.9480 +0.0455 
+20.0990 +18.9480 +0.0397 
+0.4986 +17.2228 +0.1247 
+2.4586 +17.2237 +0.1225 
+4.4185 +17.2237 +0.1195 
+6.3785 +17.2243 +0.1153 
+8.3386 +17.2243 +0.1125 
+10.2986 +17.2243 +0.1097 
+12.2586 +17.2243 +0.1077 
+14.2186 +17.2242 +0.1077 
+16.1786 +17.2237 +0.1068 
+18.1386 +17.2238 +0.1061 
+20.0987 +17.2239 +0.1038 
+0.4984 +15.4990 +0.1610 
+2.4584 +15.4994 +0.1615 
+4.4182 +15.4993 +0.1573 
+6.3785 +15.4998 +0.1527 
+8.3385 +15.4999 +0.1484 
+10.2984 +15.4999 +0.1449 
+12.2583 +15.4998 +0.1439 
+14.2184 +15.4995 +0.1454 
+16.1784 +15.4992 +0.1469 
+18.1383 +15.4996 +0.1476 
+20.0984 +15.4993 +0.1448 
+0.4983 +13.7733 +0.1687 
+2.4583 +13.7744 +0.1737 
+4.4182 +13.7752 +0.1725 
+6.3783 +13.7745 +0.1674 
+8.3383 +13.7751 +0.1598 
+10.2983 +13.7748 +0.1578 
+12.2583 +13.7747 +0.1567 
+14.2183 +13.7745 +0.1575 
+16.1784 +13.7753 +0.1621 
+18.1383 +13.7752 +0.1643 
+20.0983 +13.7749 +0.1582 
+0.4984 +12.0483 +0.1533 
+2.4583 +12.0496 +0.1636 
+4.4183 +12.0492 +0.1663 
+6.3783 +12.0493 +0.1615 
+8.3383 +12.0492 +0.1542 
+10.2983 +12.0489 +0.1508 
+12.2583 +12.0494 +0.1505 
+14.2184 +12.0493 +0.1525 
+16.1782 +12.0503 +0.1614 
+18.1383 +12.0499 +0.1627 
+20.0983 +12.0500 +0.1536 
+0.4985 +10.3230 +0.1251 
+2.4584 +10.3240 +0.1378 
+4.4184 +10.3241 +0.1433 
+6.3785 +10.3243 +0.1381 
+8.3384 +10.3243 +0.1314 
+10.2986 +10.3240 +0.1269 
+12.2584 +10.3240 +0.1260 
+14.2185 +10.3242 +0.1293 
+16.1784 +10.3249 +0.1394 
+18.1384 +10.3245 +0.1438 
+20.0984 +10.3246 +0.1361 
+0.4989 +8.5975 +0.0823 
+2.4587 +8.5984 +0.0970 
+4.4187 +8.5990 +0.0996 
+6.3787 +8.5992 +0.0966 
+8.3387 +8.5991 +0.0929 
+10.2987 +8.5986 +0.0885 
+12.2587 +8.5988 +0.0886 
+14.2187 +8.5988 +0.0902 
+16.1787 +8.5991 +0.1012 
+18.1386 +8.5991 +0.1079 
+20.0987 +8.5989 +0.1016 
+0.4993 +6.8718 +0.0236 
+2.4590 +6.8728 +0.0368 
+4.4190 +6.8732 +0.0410 
+6.3791 +6.8730 +0.0395 
+8.3391 +6.8731 +0.0350 
+10.2991 +6.8730 +0.0320 
+12.2590 +6.8732 +0.0337 
+14.2190 +6.8733 +0.0358 
+16.1789 +6.8731 +0.0465 
+18.1389 +6.8735 +0.0534 
+20.0989 +6.8735 +0.0485 
+0.4996 +5.1459 -0.0455 
+2.4595 +5.1467 -0.0336 
+4.4195 +5.1470 -0.0288 
+6.3795 +5.1470 -0.0311 
+8.3394 +5.1471 -0.0331 
+10.2995 +5.1471 -0.0352 
+12.2594 +5.1464 -0.0331 
+14.2194 +5.1471 -0.0274 
+16.1793 +5.1476 -0.0208 
+18.1393 +5.1474 -0.0167 
+20.0994 +5.1468 -0.0176 
+0.5000 +3.4203 -0.1178 
+2.4599 +3.4209 -0.1081 
+4.4200 +3.4213 -0.1033 
+6.3798 +3.4216 -0.1017 
+8.3398 +3.4209 -0.1055 
+10.2998 +3.4214 -0.1052 
+12.2598 +3.4214 -0.1014 
+14.2198 +3.4217 -0.0974 
+16.1797 +3.4209 -0.0914 
+18.1398 +3.4217 -0.0867 
+20.0998 +3.4218 -0.0920 

+0.5301 +22.3940 -0.0903 
+2.4901 +22.3939 -0.0922 
+4.4501 +22.3938 -0.0933 
+6.4101 +22.3941 -0.0925 
+8.3702 +22.3941 -0.0939 
+10.3302 +22.3941 -0.0973 
+12.2901 +22.3940 -0.0990 
+14.2502 +22.3941 -0.1010 
+16.2102 +22.3940 -0.1029 
+18.1702 +22.3943 -0.1056 
+20.1302 +22.3944 -0.1083 
+0.5296 +20.6688 -0.0142 
+2.4896 +20.6696 -0.0149 
+4.4496 +20.6701 -0.0177 
+6.4097 +20.6701 -0.0185 
+8.3697 +20.6697 -0.0213 
+10.3296 +20.6699 -0.0228 
+12.2898 +20.6701 -0.0229 
+14.2497 +20.6696 -0.0252 
+16.2097 +20.6699 -0.0276 
+18.1697 +20.6696 -0.0256 
+20.1298 +20.6701 -0.0285 
+0.5291 +18.9445 +0.0562 
+2.4893 +18.9456 +0.0569 
+4.4492 +18.9458 +0.0550 
+6.4092 +18.9459 +0.0509 
+8.3692 +18.9455 +0.0483 
+10.3291 +18.9455 +0.0492 
+12.2892 +18.9454 +0.0480 
+14.2492 +18.9453 +0.0443 
+16.2091 +18.9455 +0.0458 
+18.1692 +18.9460 +0.0469 
+20.1291 +18.9458 +0.0445 
+0.5289 +17.2203 +0.1162 
+2.4887 +17.2212 +0.1178 
+4.4487 +17.2214 +0.1150 
+6.4087 +17.2216 +0.1107 
+8.3688 +17.2213 +0.1089 
+10.3287 +17.2214 +0.1085 
+12.2888 +17.2217 +0.1052 
+14.2487 +17.2216 +0.1036 
+16.2089 +17.2217 +0.1043 
+18.1688 +17.2217 +0.1058 
+20.1288 +17.2216 +0.1053 
+0.5284 +15.4956 +0.1496 
+2.4884 +15.4966 +0.1539 
+4.4485 +15.4965 +0.1541 
+6.4084 +15.4964 +0.1523 
+8.3685 +15.4965 +0.1452 
+10.3285 +15.4966 +0.1441 
+12.2885 +15.4972 +0.1450 
+14.2485 +15.4972 +0.1434 
+16.2086 +15.4972 +0.1428 
+18.1686 +15.4973 +0.1431 
+20.1285 +15.4968 +0.1409 
+0.5283 +13.7705 +0.1575 
+2.4883 +13.7719 +0.1704 
+4.4484 +13.7720 +0.1699 
+6.4083 +13.7720 +0.1707 
+8.3683 +13.7719 +0.1662 
+10.3284 +13.7726 +0.1635 
+12.2883 +13.7725 +0.1664 
+14.2483 +13.7725 +0.1649 
+16.2084 +13.7717 +0.1664 
+18.1683 +13.7720 +0.1674 
+20.1284 +13.7719 +0.1585 
+0.5284 +12.0452 +0.1493 
+2.4884 +12.0466 +0.1668 
+4.4484 +12.0469 +0.1647 
+6.4083 +12.0475 +0.1642 
+8.3684 +12.0476 +0.1641 
+10.3285 +12.0475 +0.1596 
+12.2885 +12.0471 +0.1593 
+14.2485 +12.0471 +0.1600 
+16.2083 +12.0472 +0.1691 
+18.1683 +12.0469 +0.1697 
+20.1284 +12.0470 +0.1584 
+0.5286 +10.3208 +0.1287 
+2.4886 +10.3214 +0.1494 
+4.4485 +10.3220 +0.1445 
+6.4085 +10.3223 +0.1443 
+8.3685 +10.3213 +0.1481 
+10.3286 +10.3220 +0.1397 
+12.2885 +10.3216 +0.1409 
+14.2485 +10.3220 +0.1415 
+16.2084 +10.3223 +0.1503 
+18.1685 +10.3226 +0.1519 
+20.1286 +10.3222 +0.1400 
+0.5289 +8.5949 +0.0920 
+2.4887 +8.5961 +0.1110 
+4.4489 +8.5964 +0.1077 
+6.4088 +8.5968 +0.1100 
+8.3687 +8.5962 +0.1125 
+10.3288 +8.5962 +0.1050 
+12.2888 +8.5960 +0.1059 
+14.2488 +8.5967 +0.1050 
+16.2088 +8.5968 +0.1114 
+18.1687 +8.5964 +0.1139 
+20.1288 +8.5963 +0.1001 
+0.5294 +6.8694 +0.0328 
+2.4892 +6.8708 +0.0535 
+4.4492 +6.8706 +0.0533 
+6.4091 +6.8702 +0.0517 
+8.3691 +6.8706 +0.0537 
+10.3291 +6.8705 +0.0487 
+12.2893 +6.8712 +0.0487 
+14.2492 +6.8711 +0.0463 
+16.2091 +6.8703 +0.0522 
+18.1691 +6.8710 +0.0549 
+20.1292 +6.8706 +0.0449 
+0.5297 +5.1439 -0.0384 
+2.4896 +5.1446 -0.0196 
+4.4496 +5.1446 -0.0177 
+6.4097 +5.1445 -0.0206 
+8.3696 +5.1448 -0.0208 
+10.3296 +5.1452 -0.0232 
+12.2897 +5.1451 -0.0247 
+14.2496 +5.1445 -0.0260 
+16.2097 +5.1449 -0.0229 
+18.1696 +5.1449 -0.0198 
+20.1296 +5.1448 -0.0267 
+0.5304 +3.4181 -0.1154 
+2.4901 +3.4189 -0.0981 
+4.4502 +3.4192 -0.0916 
+6.4101 +3.4189 -0.0953 
+8.3702 +3.4188 -0.0999 
+10.3302 +3.4189 -0.1003 
+12.2902 +3.4193 -0.1012 
+14.2501 +3.4193 -0.1049 
+16.2102 +3.4193 -0.1017 
+18.1702 +3.4191 -0.0975 
+20.1302 +3.4190 -0.1029 

+0.5105 +22.4073 -0.0910 
+2.4705 +22.4076 -0.0873 
+4.4304 +22.4078 -0.0844 
+6.3904 +22.4077 -0.0762 
+8.3504 +22.4077 -0.0814 
+10.3105 +22.4073 -0.0871 
+12.2705 +22.4080 -0.0893 
+14.2306 +22.4080 -0.0913 
+16.1906 +22.4078 -0.0913 
+18.1506 +22.4068 -0.0987 
+20.1106 +22.4068 -0.1022 
+0.5100 +20.6823 -0.0188 
+2.4699 +20.6833 -0.0124 
+4.4299 +20.6836 -0.0105 
+6.3899 +20.6830 -0.0136 
+8.3500 +20.6831 -0.0143 
+10.3100 +20.6835 -0.0161 
+12.2700 +20.6834 -0.0211 
+14.2301 +20.6828 -0.0238 
+16.1901 +20.6836 -0.0264 
+18.1499 +20.6832 -0.0289 
+20.1101 +20.6833 -0.0329 
+0.5095 +18.9580 +0.0510 
+2.4696 +18.9590 +0.0560 
+4.4294 +18.9588 +0.0541 
+6.3894 +18.9588 +0.0502 
+8.3496 +18.9590 +0.0463 
+10.3096 +18.9586 +0.0427 
+12.2695 +18.9589 +0.0395 
+14.2296 +18.9593 +0.0370 
+16.1896 +18.9585 +0.0342 
+18.1496 +18.9588 +0.0349 
+20.1096 +18.9591 +0.0332 
+0.5091 +17.2334 +0.1105 
+2.4691 +17.2346 +0.1123 
+4.4290 +17.2344 +0.1103 
+6.3890 +17.2349 +0.1046 
+8.3491 +17.2340 +0.0964 
+10.3091 +17.2346 +0.0922 
+12.2692 +17.2341 +0.0906 
+14.2292 +17.2343 +0.0878 
+16.1891 +17.2346 +0.0866 
+18.1492 +17.2345 +0.0890 
+20.1092 +17.2344 +0.0854 
+0.5089 +15.5088 +0.1450 
+2.4688 +15.5100 +0.1490 
+4.4288 +15.5097 +0.1482 
+6.3888 +15.5094 +0.1432 
+8.3489 +15.5103 +0.1363 
+10.3089 +15.5096 +0.1302 
+12.2689 +15.5097 +0.1268 
+14.2289 +15.5095 +0.1282 
+16.1889 +15.5095 +0.1301 
+18.1489 +15.5100 +0.1295 
+20.1089 +15.5098 +0.1275 
+0.5088 +13.7840 +0.1607 
+2.4686 +13.7850 +0.1666 
+4.4286 +13.7850 +0.1641 
+6.3887 +13.7855 +0.1604 
+8.3488 +13.7855 +0.1575 
+10.3087 +13.7850 +0.1488 
+12.2687 +13.7851 +0.1464 
+14.2288 +13.7843 +0.1502 
+16.1887 +13.7850 +0.1554 
+18.1487 +13.7854 +0.1551 
+20.1088 +13.7856 +0.1506 
+0.5089 +12.0591 +0.1581 
+2.4686 +12.0599 +0.1666 
+4.4286 +12.0605 +0.1632 
+6.3888 +12.0608 +0.1583 
+8.3488 +12.0601 +0.1541 
+10.3088 +12.0599 +0.1451 
+12.2688 +12.0592 +0.1439 
+14.2287 +12.0598 +0.1511 
+16.1887 +12.0600 +0.1580 
+18.1487 +12.0601 +0.1563 
+20.1088 +12.0605 +0.1461 
+0.5090 +10.3337 +0.1366 
+2.4688 +10.3349 +0.1447 
+4.4288 +10.3350 +0.1438 
+6.3889 +10.3354 +0.1395 
+8.3490 +10.3343 +0.1334 
+10.3089 +10.3354 +0.1263 
+12.2689 +10.3354 +0.1273 
+14.2289 +10.3356 +0.1336 
+16.1888 +10.3357 +0.1438 
+18.1488 +10.3355 +0.1413 
+20.1089 +10.3347 +0.1304 
+0.5092 +8.6084 +0.0952 
+2.4690 +8.6092 +0.1061 
+4.4291 +8.6093 +0.1054 
+6.3891 +8.6092 +0.1007 
+8.3491 +8.6094 +0.0973 
+10.3091 +8.6092 +0.0930 
+12.2692 +8.6094 +0.0930 
+14.2291 +8.6091 +0.0981 
+16.1890 +8.6088 +0.1076 
+18.1490 +8.6100 +0.1059 
+20.1092 +8.6093 +0.0991 
+0.5096 +6.8828 +0.0379 
+2.4694 +6.8837 +0.0492 
+4.4295 +6.8837 +0.0483 
+6.3895 +6.8837 +0.0454 
+8.3495 +6.8836 +0.0442 
+10.3095 +6.8837 +0.0387 
+12.2696 +6.8842 +0.0401 
+14.2295 +6.8838 +0.0432 
+16.1894 +6.8840 +0.0506 
+18.1496 +6.8842 +0.0526 
+20.1095 +6.8839 +0.0481 
+0.5102 +5.1571 -0.0358 
+2.4700 +5.1580 -0.0249 
+4.4300 +5.1581 -0.0213 
+6.3900 +5.1578 -0.0226 
+8.3501 +5.1585 -0.0253 
+10.3101 +5.1585 -0.0261 
+12.2701 +5.1582 -0.0250 
+14.2300 +5.1585 -0.0226 
+16.1901 +5.1585 -0.0162 
+18.1500 +5.1585 -0.0146 
+20.1100 +5.1584 -0.0185 
+0.5108 +3.4310 -0.1169 
+2.4705 +3.4322 -0.1032 
+4.4306 +3.4325 -0.0967 
+6.3906 +3.4328 -0.0982 
+8.3506 +3.4321 -0.0987 
+10.3105 +3.4326 -0.0967 
+12.2706 +3.4330 -0.0971 
+14.2304 +3.4329 -0.0919 
+16.1906 +3.4330 -0.0868 
+18.1505 +3.4329 -0.0865 
+20.1105 +3.4328 -0.0891 

+0.      0        0
+2.4898 +22.4035 -0.0821 
+4.4497 +22.4038 -0.0800 
+6.4097 +22.4039 -0.0824 
+8.3698 +22.4039 -0.0875 
+10.3297 +22.4037 -0.0883 
+12.2897 +22.4038 -0.0857 
+14.2498 +22.4042 -0.0887 
+16.2097 +22.4042 -0.0934 
+18.1697 +22.4039 -0.0956 
+20.1298 +22.4041 -0.1010 
+0.5288 +20.6787 -0.0162 
+2.4888 +20.6795 -0.0141 
+4.4488 +20.6795 -0.0162 
+6.4088 +20.6794 -0.0166 
+8.3688 +20.6792 -0.0187 
+10.3289 +20.6796 -0.0187 
+12.2887 +20.6796 -0.0224 
+14.2488 +20.6797 -0.0255 
+16.2090 +20.6793 -0.0270 
+18.1690 +20.6798 -0.0302 
+20.1290 +20.6791 -0.0366 
+0.5284 +18.9541 +0.0459 
+2.4884 +18.9549 +0.0439 
+4.4483 +18.9548 +0.0429 
+6.4083 +18.9549 +0.0439 
+8.3684 +18.9552 +0.0420 
+10.3284 +18.9547 +0.0402 
+12.2884 +18.9548 +0.0398 
+14.2485 +18.9551 +0.0376 
+16.2085 +18.9550 +0.0337 
+18.1685 +18.9548 +0.0310 
+20.1285 +18.9550 +0.0293 
+0.5280 +17.2293 +0.0906 
+2.4881 +17.2301 +0.0911 
+4.4481 +17.2302 +0.0934 
+6.4080 +17.2304 +0.0991 
+8.3680 +17.2300 +0.0947 
+10.3280 +17.2306 +0.0932 
+12.2881 +17.2309 +0.0928 
+14.2481 +17.2308 +0.0920 
+16.2081 +17.2310 +0.0904 
+18.1680 +17.2304 +0.0912 
+20.1280 +17.2305 +0.0885 
+0.5278 +15.5045 +0.1266 
+2.4878 +15.5054 +0.1288 
+4.4477 +15.5055 +0.1302 
+6.4077 +15.5057 +0.1356 
+8.3678 +15.5059 +0.1346 
+10.3278 +15.5062 +0.1311 
+12.2877 +15.5055 +0.1310 
+14.2477 +15.5052 +0.1318 
+16.2077 +15.5053 +0.1345 
+18.1677 +15.5060 +0.1363 
+20.1276 +15.5060 +0.1338 
+0.5276 +13.7801 +0.1457 
+2.4876 +13.7806 +0.1532 
+4.4478 +13.7813 +0.1503 
+6.4075 +13.7807 +0.1513 
+8.3676 +13.7815 +0.1518 
+10.3276 +13.7807 +0.1467 
+12.2876 +13.7813 +0.1460 
+14.2476 +13.7810 +0.1489 
+16.2076 +13.7813 +0.1581 
+18.1676 +13.7810 +0.1607 
+20.1276 +13.7816 +0.1545 
+0.5276 +12.0544 +0.1415 
+2.4876 +12.0557 +0.1535 
+4.4478 +12.0562 +0.1504 
+6.4075 +12.0565 +0.1493 
+8.3677 +12.0559 +0.1483 
+10.3277 +12.0557 +0.1437 
+12.2877 +12.0562 +0.1455 
+14.2477 +12.0565 +0.1494 
+16.2076 +12.0554 +0.1603 
+18.1675 +12.0562 +0.1630 
+20.1275 +12.0566 +0.1528 
+0.5279 +10.3294 +0.1208 
+2.4878 +10.3308 +0.1342 
+4.4478 +10.3310 +0.1338 
+6.4078 +10.3301 +0.1339 
+8.3677 +10.3306 +0.1328 
+10.3278 +10.3310 +0.1298 
+12.2877 +10.3309 +0.1338 
+14.2477 +10.3308 +0.1367 
+16.2077 +10.3310 +0.1459 
+18.1677 +10.3317 +0.1480 
+20.1277 +10.3310 +0.1370 
+0.5283 +8.6044 +0.0836 
+2.4881 +8.6053 +0.0964 
+4.4480 +8.6056 +0.0977 
+6.4081 +8.6060 +0.1003 
+8.3680 +8.6053 +0.1020 
+10.3280 +8.6054 +0.0988 
+12.2879 +8.6060 +0.1006 
+14.2479 +8.6054 +0.1033 
+16.2078 +8.6060 +0.1115 
+18.1679 +8.6061 +0.1136 
+20.1279 +8.6061 +0.1059 
+0.5286 +6.8789 +0.0327 
+2.4884 +6.8799 +0.0452 
+4.4484 +6.8801 +0.0440 
+6.4083 +6.8802 +0.0455 
+8.3684 +6.8802 +0.0474 
+10.3284 +6.8801 +0.0430 
+12.2883 +6.8805 +0.0449 
+14.2484 +6.8807 +0.0475 
+16.2083 +6.8808 +0.0568 
+18.1684 +6.8801 +0.0581 
+20.1283 +6.8800 +0.0496 
+0.5289 +5.1535 -0.0325 
+2.4888 +5.1543 -0.0227 
+4.4488 +5.1545 -0.0211 
+6.4089 +5.1545 -0.0211 
+8.3690 +5.1547 -0.0239 
+10.3289 +5.1547 -0.0248 
+12.2889 +5.1550 -0.0211 
+14.2489 +5.1546 -0.0195 
+16.2088 +5.1550 -0.0120 
+18.1688 +5.1549 -0.0100 
+20.1288 +5.1549 -0.0214 
+0.5296 +3.4276 -0.1099 
+2.4895 +3.4289 -0.0967 
+4.4495 +3.4293 -0.0921 
+6.4094 +3.4287 -0.0951 
+8.3695 +3.4292 -0.0972 
+10.3295 +3.4290 -0.0965 
+12.2895 +3.4288 -0.0956 
+14.2493 +3.4295 -0.0920 
+16.2093 +3.4297 -0.0859 
+18.1693 +3.4296 -0.0862 
+20.1294 +3.4296 -0.0954 

+0.5005 +22.4112 -0.0791 
+2.4604 +22.4112 -0.0752 
+4.4205 +22.4117 -0.0809 
+6.3805 +22.4118 -0.0838 
+8.3403 +22.4117 -0.0873 
+10.3006 +22.4115 -0.0904 
+12.2605 +22.4117 -0.0938 
+14.2205 +22.4117 -0.0964 
+16.1805 +22.4118 -0.0992 
+18.1405 +22.4114 -0.1030 
+20.1005 +22.4117 -0.1118 
+0.5002 +20.6859 -0.0119 
+2.4600 +20.6865 -0.0114 
+4.4201 +20.6867 -0.0135 
+6.3801 +20.6867 -0.0150 
+8.3401 +20.6864 -0.0219 
+10.3001 +20.6869 -0.0238 
+12.2602 +20.6867 -0.0235 
+14.2202 +20.6869 -0.0281 
+16.1801 +20.6867 -0.0314 
+18.1402 +20.6869 -0.0346 
+20.1002 +20.6864 -0.0450 
+0.4997 +18.9610 +0.0454 
+2.4597 +18.9617 +0.0486 
+4.4198 +18.9618 +0.0508 
+6.3798 +18.9622 +0.0492 
+8.3398 +18.9621 +0.0420 
+10.2997 +18.9621 +0.0500 
+12.2597 +18.9621 +0.0400 
+14.2199 +18.9622 +0.0355 
+16.1798 +18.9621 +0.0344 
+18.1397 +18.9621 +0.0298 
+20.1000 +18.9621 +0.0209 
+0.4995 +17.2362 +0.1016 
+2.4594 +17.2370 +0.1025 
+4.4195 +17.2373 +0.1007 
+6.3794 +17.2372 +0.1059 
+8.3394 +17.2373 +0.1024 
+10.2995 +17.2374 +0.0989 
+12.2595 +17.2372 +0.0990 
+14.2194 +17.2372 +0.0975 
+16.1795 +17.2373 +0.0965 
+18.1395 +17.2374 +0.0929 
+20.0995 +17.2372 +0.0837 
+0.4992 +15.5114 +0.1418 
+2.4593 +15.5121 +0.1424 
+4.4192 +15.5122 +0.1399 
+6.3793 +15.5125 +0.1444 
+8.3392 +15.5125 +0.1413 
+10.2992 +15.5126 +0.1357 
+12.2593 +15.5126 +0.1371 
+14.2193 +15.5126 +0.1373 
+16.1792 +15.5128 +0.1377 
+18.1393 +15.5125 +0.1362 
+20.0993 +15.5125 +0.1281 
+0.4991 +13.7863 +0.1614 
+2.4592 +13.7872 +0.1705 
+4.4192 +13.7875 +0.1657 
+6.3791 +13.7876 +0.1650 
+8.3392 +13.7877 +0.1618 
+10.2992 +13.7879 +0.1567 
+12.2591 +13.7877 +0.1546 
+14.2191 +13.7879 +0.1526 
+16.1791 +13.7877 +0.1599 
+18.1392 +13.7877 +0.1587 
+20.0992 +13.7874 +0.1476 
+0.4992 +12.0609 +0.1502 
+2.4590 +12.0622 +0.1703 
+4.4192 +12.0622 +0.1676 
+6.3792 +12.0626 +0.1628 
+8.3392 +12.0628 +0.1593 
+10.2992 +12.0628 +0.1530 
+12.2591 +12.0627 +0.1507 
+14.2192 +12.0630 +0.1524 
+16.1791 +12.0629 +0.1618 
+18.1391 +12.0628 +0.1600 
+20.0993 +12.0631 +0.1457 
+0.4993 +10.3363 +0.1304 
+2.4592 +10.3372 +0.1467 
+4.4193 +10.3374 +0.1434 
+6.3793 +10.3375 +0.1399 
+8.3393 +10.3377 +0.1376 
+10.2993 +10.3374 +0.1335 
+12.2593 +10.3376 +0.1339 
+14.2192 +10.3374 +0.1340 
+16.1792 +10.3373 +0.1432 
+18.1392 +10.3380 +0.1420 
+20.0993 +10.3376 +0.1302 
+0.4995 +8.6112 +0.0943 
+2.4594 +8.6119 +0.1070 
+4.4194 +8.6120 +0.1035 
+6.3795 +8.6121 +0.1010 
+8.3394 +8.6123 +0.0984 
+10.2994 +8.6123 +0.0968 
+12.2595 +8.6123 +0.0967 
+14.2194 +8.6123 +0.0967 
+16.1794 +8.6121 +0.1073 
+18.1394 +8.6126 +0.1078 
+20.0995 +8.6127 +0.0987 
+0.4998 +6.8860 +0.0310 
+2.4597 +6.8867 +0.0478 
+4.4198 +6.8869 +0.0428 
+6.3798 +6.8870 +0.0434 
+8.3397 +6.8871 +0.0450 
+10.2998 +6.8870 +0.0413 
+12.2597 +6.8866 +0.0414 
+14.2197 +6.8874 +0.0451 
+16.1797 +6.8870 +0.0555 
+18.1396 +6.8875 +0.0572 
+20.0997 +6.8873 +0.0532 
+0.5003 +5.1607 -0.0446 
+2.4601 +5.1613 -0.0317 
+4.4202 +5.1616 -0.0350 
+6.3802 +5.1615 -0.0359 
+8.3402 +5.1618 -0.0323 
+10.3001 +5.1618 -0.0308 
+12.2601 +5.1618 -0.0271 
+14.2201 +5.1618 -0.0198 
+16.1801 +5.1616 -0.0106 
+18.1400 +5.1622 -0.0066 
+20.1000 +5.1622 -0.0100 
+0.5008 +3.4350 -0.1268 
+2.4605 +3.4360 -0.1151 
+4.4205 +3.4363 -0.1156 
+6.3806 +3.4366 -0.1180 
+8.3406 +3.4365 -0.1146 
+10.3005 +3.4366 -0.1085 
+12.2606 +3.4363 -0.1026 
+14.2205 +3.4368 -0.0913 
+16.1804 +3.4368 -0.0804 
+18.1404 +3.4369 -0.0769 
+20.1004 +3.4369 -0.0781 

+0.5006 +22.4135 -0.0734 
+2.4606 +22.4138 -0.0763 
+4.4206 +22.4139 -0.0803 
+6.3806 +22.4141 -0.0838 
+8.3406 +22.4141 -0.0842 
+10.3006 +22.4143 -0.0845 
+12.2606 +22.4142 -0.0861 
+14.2207 +22.4142 -0.0886 
+16.1806 +22.4141 -0.0931 
+18.1406 +22.4142 -0.0936 
+20.1007 +22.4142 -0.0950 
+0.5004 +20.6875 -0.0122 
+2.4603 +20.6884 -0.0166 
+4.4203 +20.6885 -0.0216 
+6.3803 +20.6887 -0.0222 
+8.3404 +20.6885 -0.0253 
+10.3003 +20.6888 -0.0270 
+12.2603 +20.6888 -0.0298 
+14.2204 +20.6888 -0.0357 
+16.1804 +20.6888 -0.0377 
+18.1404 +20.6890 -0.0376 
+20.1004 +20.6889 -0.0396 
+0.4999 +18.9628 +0.0468 
+2.4600 +18.9635 +0.0420 
+4.4200 +18.9634 +0.0371 
+6.3800 +18.9640 +0.0346 
+8.3401 +18.9639 +0.0325 
+10.3001 +18.9637 +0.0299 
+12.2602 +18.9638 +0.0247 
+14.2202 +18.9638 +0.0209 
+16.1801 +18.9636 +0.0206 
+18.1401 +18.9637 +0.0201 
+20.1001 +18.9639 +0.0186 
+0.4997 +17.2377 +0.1012 
+2.4597 +17.2384 +0.0966 
+4.4198 +17.2388 +0.0887 
+6.3797 +17.2390 +0.0875 
+8.3399 +17.2389 +0.0856 
+10.2998 +17.2388 +0.0796 
+12.2598 +17.2383 +0.0766 
+14.2198 +17.2386 +0.0735 
+16.1799 +17.2389 +0.0737 
+18.1399 +17.2388 +0.0752 
+20.0998 +17.2389 +0.0723 
+0.4994 +15.5125 +0.1395 
+2.4595 +15.5134 +0.1355 
+4.4195 +15.5137 +0.1285 
+6.3796 +15.5136 +0.1266 
+8.3396 +15.5140 +0.1214 
+10.2996 +15.5137 +0.1163 
+12.2596 +15.5139 +0.1159 
+14.2196 +15.5138 +0.1149 
+16.1796 +15.5142 +0.1158 
+18.1396 +15.5135 +0.1157 
+20.0996 +15.5140 +0.1095 
+0.4995 +13.7874 +0.1540 
+2.4595 +13.7884 +0.1567 
+4.4194 +13.7891 +0.1528 
+6.3794 +13.7891 +0.1466 
+8.3397 +13.7894 +0.1397 
+10.2995 +13.7888 +0.1344 
+12.2596 +13.7888 +0.1320 
+14.2194 +13.7890 +0.1332 
+16.1796 +13.7888 +0.1389 
+18.1395 +13.7892 +0.1349 
+20.0995 +13.7894 +0.1270 
+0.4994 +12.0623 +0.1426 
+2.4595 +12.0635 +0.1532 
+4.4194 +12.0641 +0.1535 
+6.3795 +12.0641 +0.1460 
+8.3396 +12.0642 +0.1384 
+10.2995 +12.0640 +0.1333 
+12.2594 +12.0642 +0.1313 
+14.2195 +12.0640 +0.1337 
+16.1795 +12.0644 +0.1405 
+18.1395 +12.0643 +0.1389 
+20.0994 +12.0645 +0.1309 
+0.4996 +10.3376 +0.1177 
+2.4595 +10.3384 +0.1312 
+4.4196 +10.3387 +0.1321 
+6.3795 +10.3387 +0.1265 
+8.3396 +10.3386 +0.1200 
+10.2997 +10.3389 +0.1155 
+12.2596 +10.3390 +0.1168 
+14.2196 +10.3391 +0.1207 
+16.1795 +10.3389 +0.1288 
+18.1396 +10.3391 +0.1291 
+20.0997 +10.3389 +0.1198 
+0.4998 +8.6126 +0.0795 
+2.4599 +8.6133 +0.0926 
+4.4196 +8.6136 +0.0954 
+6.3798 +8.6140 +0.0909 
+8.3397 +8.6141 +0.0864 
+10.2998 +8.6137 +0.0857 
+12.2597 +8.6139 +0.0888 
+14.2197 +8.6135 +0.0931 
+16.1797 +8.6140 +0.1028 
+18.1396 +8.6140 +0.1020 
+20.0996 +8.6139 +0.0938 
+0.5000 +6.8877 +0.0223 
+2.4601 +6.8883 +0.0372 
+4.4200 +6.8889 +0.0405 
+6.3800 +6.8888 +0.0356 
+8.3400 +6.8888 +0.0360 
+10.3000 +6.8886 +0.0378 
+12.2600 +6.8890 +0.0416 
+14.2199 +6.8890 +0.0487 
+16.1798 +6.8888 +0.0581 
+18.1400 +6.8891 +0.0579 
+20.0999 +6.8890 +0.0506 
+0.5005 +5.1626 -0.0471 
+2.4604 +5.1634 -0.0345 
+4.4203 +5.1636 -0.0315 
+6.3805 +5.1638 -0.0328 
+8.3404 +5.1636 -0.0290 
+10.3003 +5.1637 -0.0241 
+12.2602 +5.1639 -0.0165 
+14.2203 +5.1640 -0.0087 
+16.1803 +5.1637 -0.0022 
+18.1403 +5.1640 -0.0022 
+20.1002 +5.1639 -0.0104 
+0.5009 +3.4375 -0.1251 
+2.4608 +3.4383 -0.1123 
+4.4208 +3.4387 -0.1061 
+6.3808 +3.4391 -0.1051 
+8.3407 +3.4388 -0.0994 
+10.3007 +3.4391 -0.0885 
+12.2606 +3.4393 -0.0788 
+14.2206 +3.4393 -0.0720 
+16.1806 +3.4392 -0.0652 
+18.1405 +3.4393 -0.0684 
+20.1005 +3.4393 -0.0766 

+0.5029 +22.3947 -0.0807 
+2.4628 +22.3949 -0.0694 
+4.4227 +22.3945 -0.0596 
+6.3826 +22.3949 -0.0555 
+8.3425 +22.3947 -0.0538 
+10.3025 +22.3946 -0.0537 
+12.2626 +22.3953 -0.0566 
+14.2227 +22.3947 -0.0635 
+16.1827 +22.3950 -0.0722 
+18.1430 +22.3947 -0.0838 
+20.1032 +22.3951 -0.1053 
+0.5022 +20.6688 -0.0251 
+2.4620 +20.6693 -0.0130 
+4.4220 +20.6694 -0.0069 
+6.3819 +20.6699 -0.0007 
+8.3419 +20.6699 +0.0020 
+10.3019 +20.6693 +0.0005 
+12.2620 +20.6693 -0.0014 
+14.2221 +20.6694 -0.0085 
+16.1822 +20.6693 -0.0186 
+18.1423 +20.6698 -0.0338 
+20.1026 +20.6696 -0.0557 
+0.5016 +18.9435 +0.0293 
+2.4615 +18.9440 +0.0390 
+4.4214 +18.9443 +0.0470 
+6.3813 +18.9442 +0.0525 
+8.3415 +18.9448 +0.0555 
+10.3014 +18.9443 +0.0551 
+12.2614 +18.9440 +0.0504 
+14.2214 +18.9446 +0.0440 
+16.1816 +18.9449 +0.0353 
+18.1418 +18.9446 +0.0180 
+20.1021 +18.9446 -0.0100 
+0.5011 +17.2182 +0.0754 
+2.4610 +17.2192 +0.0850 
+4.4208 +17.2195 +0.0914 
+6.3807 +17.2191 +0.0984 
+8.3408 +17.2197 +0.1009 
+10.3008 +17.2191 +0.0983 
+12.2608 +17.2193 +0.0945 
+14.2208 +17.2191 +0.0916 
+16.1809 +17.2197 +0.0844 
+18.1412 +17.2194 +0.0689 
+20.1014 +17.2193 +0.0435 
+0.5006 +15.4930 +0.1051 
+2.4606 +15.4943 +0.1156 
+4.4205 +15.4945 +0.1219 
+6.3804 +15.4947 +0.1308 
+8.3403 +15.4946 +0.1317 
+10.3004 +15.4947 +0.1274 
+12.2604 +15.4937 +0.1258 
+14.2204 +15.4944 +0.1249 
+16.1805 +15.4948 +0.1208 
+18.1406 +15.4948 +0.1122 
+20.1009 +15.4948 +0.0908 
+0.5006 +13.7681 +0.1167 
+2.4604 +13.7693 +0.1327 
+4.4203 +13.7691 +0.1390 
+6.3803 +13.7699 +0.1462 
+8.3402 +13.7697 +0.1467 
+10.3003 +13.7696 +0.1452 
+12.2602 +13.7690 +0.1444 
+14.2203 +13.7695 +0.1453 
+16.1802 +13.7699 +0.1474 
+18.1403 +13.7700 +0.1404 
+20.1004 +13.7693 +0.1233 
+0.5007 +12.0429 +0.1118 
+2.4604 +12.0442 +0.1316 
+4.4205 +12.0446 +0.1393 
+6.3802 +12.0440 +0.1429 
+8.3402 +12.0447 +0.1470 
+10.3002 +12.0448 +0.1478 
+12.2602 +12.0446 +0.1465 
+14.2201 +12.0440 +0.1486 
+16.1801 +12.0450 +0.1549 
+18.1402 +12.0449 +0.1497 
+20.1003 +12.0446 +0.1358 
+0.5009 +10.3180 +0.0946 
+2.4606 +10.3191 +0.1155 
+4.4205 +10.3195 +0.1218 
+6.3804 +10.3196 +0.1277 
+8.3403 +10.3196 +0.1337 
+10.3003 +10.3197 +0.1347 
+12.2603 +10.3199 +0.1356 
+14.2203 +10.3193 +0.1385 
+16.1801 +10.3199 +0.1450 
+18.1402 +10.3197 +0.1408 
+20.1004 +10.3199 +0.1250 
+0.5013 +8.5934 +0.0624 
+2.4609 +8.5942 +0.0840 
+4.4209 +8.5937 +0.0912 
+6.3808 +8.5941 +0.0982 
+8.3407 +8.5947 +0.1029 
+10.3007 +8.5947 +0.1061 
+12.2607 +8.5947 +0.1073 
+14.2207 +8.5939 +0.1096 
+16.1806 +8.5934 +0.1156 
+18.1406 +8.5946 +0.1103 
+20.1008 +8.5947 +0.0916 
+0.5019 +6.8689 +0.0154 
+2.4616 +6.8694 +0.0359 
+4.4214 +6.8690 +0.0459 
+6.3813 +6.8690 +0.0511 
+8.3414 +6.8693 +0.0551 
+10.3013 +6.8698 +0.0582 
+12.2613 +6.8697 +0.0591 
+14.2212 +6.8700 +0.0611 
+16.1811 +6.8689 +0.0678 
+18.1413 +6.8699 +0.0568 
+20.1016 +6.8700 +0.0347 
+0.5026 +5.1439 -0.0444 
+2.4622 +5.1447 -0.0245 
+4.4222 +5.1445 -0.0138 
+6.3821 +5.1443 -0.0094 
+8.3420 +5.1437 -0.0075 
+10.3019 +5.1441 -0.0056 
+12.2620 +5.1450 -0.0036 
+14.2218 +5.1439 +0.0028 
+16.1818 +5.1447 +0.0063 
+18.1420 +5.1442 -0.0078 
+20.1024 +5.1446 -0.0335 
+0.5033 +3.4190 -0.1083 
+2.4630 +3.4202 -0.0901 
+4.4228 +3.4201 -0.0798 
+6.3828 +3.4192 -0.0749 
+8.3428 +3.4195 -0.0755 
+10.3028 +3.4196 -0.0735 
+12.2627 +3.4205 -0.0680 
+14.2227 +3.4198 -0.0632 
+16.1827 +3.4205 -0.0597 
+18.1428 +3.4202 -0.0721 
+20.1032 +3.4205 -0.0979
