C:\Partrtn\Jobs\Hao\sector\sector2chip.RTN
===============================================================================
Step Feature         X/R Location Y/A Location  Z Location        Size  Refer.  
===============================================================================
   1 Rotary            +000.00136   -000.98643  +000.55378  -028.00000 
   2 Sphere            -000.02945   -014.96960  +002.95218  +003.17767 
   3 Sphere            -000.32289   -043.97799  -012.48299  +003.17739 
   4 Sphere            +375.13733   -015.52053  +006.14624  +003.17749 
   5 Line              -000.17617   -029.47380  -004.76541  -090.57957  2 3      
   6 Line              +187.55394   -015.24506  +004.54921  -000.08414  2 4      
   7 Datum Origin      +000.00000   +000.00000  +000.00000              2        
   8 Datum Axis                     +180.00000                          5        
   9 Datum Axis                     +180.00000                          5        
  10 Datum Axis                     -000.28956                          6        
  11 Datum Axis                     +200.74597                          5        
  12 Datum Origin      -231.99970   -014.14700  +078.26540              2        
  13 Point             -231.99970   -014.14700  +078.26540              2        
  14 Point             -231.99970   -044.87689  +066.62536              3        
  15 Point             +143.15091   -010.73741  +081.58430              4        
  16 Width             -044.42440   -012.44220  +079.92485  +375.18078  4 2      
  17 Width             -231.99970   -029.51195  +072.44538  +032.86057  3 2      
  18 Datum Origin      +000.00000   +000.00000  +000.00000              2        
  19 Datum Axis                     +208.00000                          5        
  20 Datum Origin      -128.43160   +014.46410  -001.53690              2        
  21 Point             +004.62042   +000.95862  -000.38309             
  22 Datum Origin      +000.00000   +000.00000  +000.00000              21       
  23 Line              -000.00075   -000.12021  +000.00019  -089.31802 
  24 Line              +000.17817   +000.00267  +000.00041  -179.45998 
  25 Intersect         -000.00219   +000.00097  +000.00015  +090.14198  23 24    
  26 Point             +013.57071   +000.07385  +000.00625             
  27 Datum Origin      +000.00000   +000.00000  +000.00000              26       
  28 Line              +000.00117   -000.09454  +000.00011  -089.30972 
  29 Line              +000.03792   -000.00459  +000.00013  -179.35453 
  30 Intersect         +000.00009   -000.00501  +000.00008  +090.04483  28 29    
  31 Point             +006.76667   +000.10736  -000.00943             
  32 Datum Origin      +000.00000   +000.00000  +000.00000              31       
  33 Line              -000.00230   -000.12012  +000.00037  -089.42573 
  34 Line              +000.17818   +000.00152  +000.00059  -179.47114 
  35 Intersect         -000.00350   -000.00016  +000.00033  +090.04543  33 34    
  36 Point             +013.57451   +000.06911  -000.01398             
  37 Datum Origin      +000.00000   +000.00000  +000.00000              36       
  38 Line              -000.00248   -000.09468  -000.00000  -089.40163 
  39 Line              +000.03787   +000.00071  +000.00003  -179.14410 
  40 Intersect         -000.00347   +000.00009  -000.00003  +089.74249  38 39    
  41 Point             +006.72996   +000.11313  +000.02897             
  42 Datum Origin      +000.00000   +000.00000  +000.00000              41       
  43 Line              +000.00612   -000.10916  +000.00012  -089.36905 
  44 Line              +000.17820   -000.00034  +000.00044  -179.47162 
  45 Intersect         +000.00494   -000.00194  +000.00014  +090.10260  43 44    
  46 Point             +013.57444   +000.06921  +000.03305             
  47 Datum Origin      +000.00000   +000.00000  +000.00000              46       
  48 Line              +000.00445   -000.09462  +000.00012  -089.27473 
  49 Line              +000.03791   -000.00346  +000.00014  -179.37707 
  50 Intersect         +000.00330   -000.00384  +000.00009  +090.10237  48 49    
  51 Point             +006.73848   +000.10733  +000.03292             
  52 Datum Origin      +000.00000   +000.00000  +000.00000              51       
  53 Line              +000.00162   -000.12015  +000.00010  -089.31985 
  54 Line              +000.17819   +000.00073  +000.00031  -179.45914 
  55 Intersect         +000.00020   -000.00095  +000.00006  +090.13931  53 54    
  56 Point             +013.57439   +000.06912  +000.04970             
  57 Datum Origin      +000.00000   +000.00000  +000.00000              56       
  58 Line              +000.00030   -000.09475  +000.00005  -089.28208 
  59 Line              +000.03788   -000.00054  +000.00008  -179.30203 
  60 Intersect         -000.00087   -000.00101  +000.00003  +090.01997  58 59    
  61 Point             +006.73489   +000.11580  +000.01746             
  62 Datum Origin      +000.00000   +000.00000  +000.00000              61       
  63 Line              +000.00405   -000.12016  +000.00010  -089.22496 
  64 Line              +000.17821   -000.00190  +000.00032  -179.44203 
  65 Intersect         +000.00247   -000.00361  +000.00007  +090.21710  63 64    
  66 Point             +013.57438   +000.06918  +000.01221             
  67 Datum Origin      +000.00000   +000.00000  +000.00000              66       
  68 Line              +000.00353   -000.09462  +000.00036  -089.27116 
  69 Line              +000.03782   +000.00266  +000.00018  -179.56894 
  70 Intersect         +000.00229   +000.00239  +000.00023  +090.29780  68 69    
  71 Point             +006.73474   +000.11450  +000.03086             
  72 Datum Origin      +000.00000   +000.00000  +000.00000              71       
  73 Line              +000.00352   -000.12016  +000.00010  -089.32801 
  74 Line              +000.17821   -000.00186  +000.00021  -179.43640 
  75 Intersect         +000.00216   -000.00360  +000.00001  +090.10842  73 74    
  76 Point             +013.57446   +000.06912  +000.02914             
  77 Datum Origin      +000.00000   +000.00000  +000.00000              76       
  78 Line              +000.00129   -000.09464  +000.00015  -089.29773 
  79 Line              +000.03798   -000.00012  +000.00018  -179.47398 
  80 Intersect         +000.00014   -000.00047  +000.00013  +090.17627  78 79    
  81 Point             +006.73488   +000.11206  +000.01975             
  82 Datum Origin      +000.00000   +000.00000  +000.00000              81       
  83 Line              -000.00126   -000.12021  +000.00028  -089.36493 
  84 Line              +000.17820   -000.00037  +000.00050  -179.44107 
  85 Intersect         -000.00257   -000.00214  +000.00024  +090.07616  83 84    
  86 Point             +013.57445   +000.06919  +000.01695             
  87 Datum Origin      +000.00000   +000.00000  +000.00000              86       
  88 Line              -000.00323   -000.09478  +000.00016  -089.28435 
  89 Line              +000.03787   +000.00128  +000.00029  -179.37648 
  90 Intersect         -000.00442   +000.00082  +000.00018  +090.09216  88 89    
  91 Point             +006.75802   +000.10858  +000.01290             
  92 Datum Origin      +000.00000   +000.00000  +000.00000              91       
  93 Line              +000.00316   -000.12017  +000.00009  -089.40808 
  94 Line              +000.17819   +000.00031  +000.00030  -179.46394 
  95 Intersect         +000.00194   -000.00134  +000.00006  +090.05588  93 94    
  96 Point             +013.57433   +000.06919  +000.08358             
  97 Datum Origin      +000.00000   +000.00000  +000.00000              96       
  98 Line              +000.00110   -000.09474  +000.00007  -089.34640 
  99 Line              +000.03800   -000.00201  +000.00010  -179.16995 
 100 Intersect         +000.00005   -000.00256  +000.00005  +089.82358  98 99    
 101 Point             +006.73614   +000.10801  +000.05377             
 102 Datum Origin      +000.00000   +000.00000  +000.00000              101      
 103 Line              +000.00621   -000.12010  +000.00016  -089.42256 
 104 Line              +000.17825   -000.00649  +000.00037  -179.46773 
 105 Intersect         +000.00508   -000.00810  +000.00013  +090.04520  103 104  
 106 Point             +013.57432   +000.06919  +000.09064             
 107 Datum Origin      +000.00000   +000.00000  +000.00000              106      
 108 Line              +000.00398   -000.09461  +000.00016  -089.31583 
 109 Line              +000.03798   -000.01164  +000.00019  -179.44780 
 110 Intersect         +000.00300   -000.01198  +000.00014  +090.13200  108 109  
 111 Point             +006.76686   +000.08416  +000.02978             
 112 Datum Origin      +000.00000   +000.00000  +000.00000              111      
 113 Line              -000.00046   -000.12011  +000.00027  -089.34175 
 114 Line              +000.17822   -000.00242  +000.00049  -179.41661 
 115 Intersect         -000.00179   -000.00425  +000.00023  +090.07488  113 114  
 116 Point             +013.57448   +000.06908  -000.04481             
 117 Datum Origin      +000.00000   +000.00000  +000.00000              116      
 118 Line              -000.00261   -000.09468  +000.00002  -089.36998 
 119 Line              +000.03781   +000.00723  +000.00005  -179.22656 
 120 Intersect         -000.00372   +000.00667  -000.00001  +089.85660  118 119  
 121 Datum Origin      +000.00000   +000.00000  +000.00000              25       
 122 Point             -000.00006   -000.00054  -000.00982             
 123 Datum Origin      +000.00000   +000.00000  +000.00000              35       
 124 Point             -000.00018   -000.00037  -000.01062             
 125 Datum Origin      +000.00000   +000.00000  +000.00000              45       
 126 Point             -000.00010   +000.00030  -000.01379             
 127 Datum Origin      +000.00000   +000.00000  +000.00000              55       
 128 Point             -000.00010   +000.00040  -000.01207             
 129 Datum Origin      +000.00000   +000.00000  +000.00000              65       
 130 Point             -000.00012   +000.00024  -000.01426             
 131 Datum Origin      +000.00000   +000.00000  +000.00000              75       
 132 Point             -000.00013   -000.00012  -000.01421             
 133 Datum Origin      +000.00000   +000.00000  +000.00000              85       
 134 Point             -000.00021   +000.00007  -000.01344             
 135 Datum Origin      +000.00000   +000.00000  +000.00000              95       
 136 Point             -000.00010   +000.00071  -000.01344             
 137 Datum Origin      +000.00000   +000.00000  +000.00000              105      
 138 Point             -000.00002   +000.00015  -000.00863             
 139 Datum Origin      +000.00000   +000.00000  +000.00000              115      
 140 Point             -000.00017   +000.00027  -000.00860             
 141 Datum Origin      +000.00000   +000.00000  +000.00000              25       
 142 Line              +006.78650   +000.03393  +000.00309  +000.28649  25 30    
 143 Datum Axis                     -000.20761                          142      
 144 Datum Origin      +004.59422   +000.92078                          25       
 145 Datum Origin                               +000.00000              122      
 146 Point             +000.53468   +003.38815  +000.20345             
 147 Point             +002.48439   +003.38756  +000.20659             
 148 Point             +004.43470   +003.38765  +000.20605             
 149 Point             +006.38474   +003.38750  +000.20555             
 150 Point             +008.33467   +003.38775  +000.20592             
 151 Point             +010.28459   +003.38752  +000.20805             
 152 Point             +012.23468   +003.38780  +000.20939             
 153 Point             +014.18474   +003.38747  +000.20833             
 154 Point             +016.13471   +003.38801  +000.20714             
 155 Point             +018.08465   +003.38756  +000.20831             
 156 Point             +020.03458   +003.38583  +000.20760             
 157 Point             +000.53463   +005.28854  +000.34464             
 158 Point             +002.48458   +005.28699  +000.34721             
 159 Point             +004.43469   +005.28823  +000.34978             
 160 Point             +006.38464   +005.28752  +000.34997             
 161 Point             +008.33460   +005.28747  +000.34886             
 162 Point             +010.28455   +005.28748  +000.35038             
 163 Point             +012.23459   +005.28741  +000.35066             
 164 Point             +014.18469   +005.28772  +000.35047             
 165 Point             +016.13466   +005.28753  +000.35018             
 166 Point             +018.08470   +005.28778  +000.35049             
 167 Point             +020.03471   +005.28768  +000.34827             
 168 Point             +000.53473   +007.18851  +000.46872             
 169 Point             +002.48466   +007.18778  +000.47290             
 170 Point             +004.43463   +007.18774  +000.47491             
 171 Point             +006.38471   +007.18746  +000.47603             
 172 Point             +008.33467   +007.18777  +000.47552             
 173 Point             +010.28482   +007.18751  +000.47593             
 174 Point             +012.23457   +007.18801  +000.47523             
 175 Point             +014.18465   +007.18721  +000.47440             
 176 Point             +016.13461   +007.18785  +000.47532             
 177 Point             +018.08470   +007.18745  +000.47782             
 178 Point             +020.03459   +007.18802  +000.47779             
 179 Point             +000.53467   +009.08818  +000.56982             
 180 Point             +002.48478   +009.08773  +000.57520             
 181 Point             +004.43461   +009.08762  +000.57700             
 182 Point             +006.38479   +009.08738  +000.57684             
 183 Point             +008.33468   +009.08787  +000.57663             
 184 Point             +010.28467   +009.08758  +000.57639             
 185 Point             +012.23461   +009.08767  +000.57565             
 186 Point             +014.18468   +009.08734  +000.57669             
 187 Point             +016.13468   +009.08843  +000.57993             
 188 Point             +018.08461   +009.08720  +000.58424             
 189 Point             +020.03454   +009.08845  +000.58527             
 190 Point             +000.53459   +010.98873  +000.65212             
 191 Point             +002.48450   +010.98764  +000.65983             
 192 Point             +004.43478   +010.98747  +000.66167             
 193 Point             +006.38466   +010.98751  +000.66153             
 194 Point             +008.33471   +010.98767  +000.66055             
 195 Point             +010.28461   +010.98775  +000.65952             
 196 Point             +012.23482   +010.98726  +000.65915             
 197 Point             +014.18471   +010.98844  +000.66235             
 198 Point             +016.13467   +010.98723  +000.66813             
 199 Point             +018.08465   +010.98859  +000.67140             
 200 Point             +020.03450   +010.98714  +000.67198             
 201 Point             +000.53474   +012.88882  +000.72357             
 202 Point             +002.48472   +012.88775  +000.73080             
 203 Point             +004.43467   +012.88757  +000.73220             
 204 Point             +006.38472   +012.88740  +000.73261             
 205 Point             +008.33457   +012.88754  +000.73260             
 206 Point             +010.28466   +012.88744  +000.73308             
 207 Point             +012.23457   +012.88756  +000.73421             
 208 Point             +014.18466   +012.88769  +000.73691             
 209 Point             +016.13460   +012.88818  +000.74274             
 210 Point             +018.08465   +012.88772  +000.74489             
 211 Point             +020.03460   +012.88754  +000.74444             
 212 Point             +000.53459   +014.78864  +000.78070             
 213 Point             +002.48469   +014.78775  +000.78337             
 214 Point             +004.43457   +014.78747  +000.78456             
 215 Point             +006.38470   +014.78750  +000.78515             
 216 Point             +008.33479   +014.78778  +000.78537             
 217 Point             +010.28478   +014.78770  +000.78738             
 218 Point             +012.23447   +014.78749  +000.78952             
 219 Point             +014.18457   +014.78810  +000.79201             
 220 Point             +016.13456   +014.78741  +000.79616             
 221 Point             +018.08464   +014.78839  +000.79839             
 222 Point             +020.03455   +014.78754  +000.79737             
 223 Point             +000.53471   +016.68844  +000.80772             
 224 Point             +002.48480   +016.68774  +000.80615             
 225 Point             +004.43468   +016.68757  +000.80613             
 226 Point             +006.38473   +016.68745  +000.80519             
 227 Point             +008.33468   +016.68741  +000.80397             
 228 Point             +010.28473   +016.68791  +000.80559             
 229 Point             +012.23459   +016.68727  +000.80855             
 230 Point             +014.18464   +016.68758  +000.81162             
 231 Point             +016.13467   +016.68760  +000.81440             
 232 Point             +018.08459   +016.68823  +000.81579             
 233 Point             +020.03460   +016.68739  +000.81432             
 234 Point             +000.53474   +018.58793  +000.79652             
 235 Point             +002.48469   +018.58783  +000.79803             
 236 Point             +004.43463   +018.58765  +000.79687             
 237 Point             +006.38466   +018.58743  +000.79433             
 238 Point             +008.33462   +018.58740  +000.79206             
 239 Point             +010.28465   +018.58749  +000.79270             
 240 Point             +012.23466   +018.58748  +000.79511             
 241 Point             +014.18460   +018.58737  +000.79883             
 242 Point             +016.13465   +018.58831  +000.80230             
 243 Point             +018.08476   +018.58764  +000.80299             
 244 Point             +020.03457   +018.58737  +000.80043             
 245 Point             +000.53497   +020.48841  +000.77207             
 246 Point             +002.48470   +020.48771  +000.77423             
 247 Point             +004.43465   +020.48758  +000.77232             
 248 Point             +006.38467   +020.48729  +000.76826             
 249 Point             +008.33463   +020.48784  +000.76537             
 250 Point             +010.28462   +020.48760  +000.76495             
 251 Point             +012.23466   +020.48759  +000.76642             
 252 Point             +014.18459   +020.48733  +000.77018             
 253 Point             +016.13464   +020.48807  +000.77440             
 254 Point             +018.08466   +020.48767  +000.77512             
 255 Point             +020.03468   +020.48825  +000.77042             
 256 Point             +000.53459   +022.38831  +000.74222             
 257 Point             +002.48469   +022.38769  +000.74277             
 258 Point             +004.43480   +022.38761  +000.73914             
 259 Point             +006.38468   +022.38743  +000.73396             
 260 Point             +008.33468   +022.38770  +000.73002             
 261 Point             +010.28473   +022.38763  +000.73002             
 262 Point             +012.23460   +022.38756  +000.72958             
 263 Point             +014.18460   +022.38793  +000.73496             
 264 Point             +016.13459   +022.38706  +000.74135             
 265 Point             +018.08460   +022.38853  +000.74082             
 266 Point             +020.03480   +022.38712  +000.73476             
 267 Datum Origin      +000.00000   +000.00000  +000.00000              35       
 268 Line              +006.78731   -000.02385  -000.00717  -000.20137  35 40    
 269 Datum Axis                     -000.20761                          268      
 270 Datum Origin      +004.59422   +000.92078                          35       
 271 Datum Origin                               +000.00000              124      
 272 Point             +000.53485   +003.38819  +000.18295             
 273 Point             +002.48475   +003.38751  +000.18766             
 274 Point             +004.43475   +003.38781  +000.18760             
 275 Point             +006.38477   +003.38754  +000.18658             
 276 Point             +008.33469   +003.38784  +000.18615             
 277 Point             +010.28467   +003.38758  +000.18528             
 278 Point             +012.23482   +003.38770  +000.18421             
 279 Point             +014.18459   +003.38762  +000.18634             
 280 Point             +016.13458   +003.38753  +000.18902             
 281 Point             +018.08477   +003.38793  +000.18353             
 282 Point             +020.03473   +003.38599  +000.17036             
 283 Point             +000.53472   +005.28802  +000.32895             
 284 Point             +002.48463   +005.28713  +000.32780             
 285 Point             +004.43471   +005.28793  +000.32549             
 286 Point             +006.38471   +005.28752  +000.32931             
 287 Point             +008.33466   +005.28781  +000.33121             
 288 Point             +010.28463   +005.28740  +000.32726             
 289 Point             +012.23474   +005.28762  +000.32483             
 290 Point             +014.18468   +005.28754  +000.32318             
 291 Point             +016.13475   +005.28774  +000.32670             
 292 Point             +018.08476   +005.28743  +000.32107             
 293 Point             +020.03468   +005.28770  +000.31613             
 294 Point             +000.53463   +007.18850  +000.45903             
 295 Point             +002.48458   +007.18765  +000.45997             
 296 Point             +004.43468   +007.18760  +000.45791             
 297 Point             +006.38471   +007.18769  +000.45968             
 298 Point             +008.33455   +007.18761  +000.46196             
 299 Point             +010.28461   +007.18808  +000.45551             
 300 Point             +012.23464   +007.18734  +000.45375             
 301 Point             +014.18462   +007.18834  +000.44992             
 302 Point             +016.13473   +007.18738  +000.45205             
 303 Point             +018.08473   +007.18757  +000.45578             
 304 Point             +020.03479   +007.18790  +000.44455             
 305 Point             +000.53457   +009.08825  +000.56437             
 306 Point             +002.48468   +009.08768  +000.56623             
 307 Point             +004.43469   +009.08762  +000.56522             
 308 Point             +006.38473   +009.08794  +000.56755             
 309 Point             +008.33470   +009.08752  +000.56864             
 310 Point             +010.28466   +009.08815  +000.55962             
 311 Point             +012.23473   +009.08745  +000.55637             
 312 Point             +014.18464   +009.08822  +000.55391             
 313 Point             +016.13470   +009.08747  +000.55701             
 314 Point             +018.08464   +009.08772  +000.55874             
 315 Point             +020.03467   +009.08742  +000.54857             
 316 Point             +000.53449   +010.98874  +000.64857             
 317 Point             +002.48471   +010.98765  +000.65041             
 318 Point             +004.43473   +010.98783  +000.64854             
 319 Point             +006.38474   +010.98757  +000.65325             
 320 Point             +008.33460   +010.98753  +000.65408             
 321 Point             +010.28459   +010.98798  +000.64692             
 322 Point             +012.23466   +010.98748  +000.64378             
 323 Point             +014.18458   +010.98759  +000.63922             
 324 Point             +016.13458   +010.98730  +000.64386             
 325 Point             +018.08468   +010.98840  +000.64611             
 326 Point             +020.03477   +010.98731  +000.63375             
 327 Point             +000.53462   +012.88876  +000.72509             
 328 Point             +002.48468   +012.88769  +000.72626             
 329 Point             +004.43469   +012.88761  +000.72584             
 330 Point             +006.38471   +012.88774  +000.72716             
 331 Point             +008.33451   +012.88759  +000.72568             
 332 Point             +010.28465   +012.88763  +000.72136             
 333 Point             +012.23463   +012.88808  +000.71592             
 334 Point             +014.18478   +012.88750  +000.71261             
 335 Point             +016.13462   +012.88812  +000.71663             
 336 Point             +018.08487   +012.88754  +000.71550             
 337 Point             +020.03467   +012.88814  +000.70557             
 338 Point             +000.53464   +014.78878  +000.78564             
 339 Point             +002.48466   +014.78779  +000.78606             
 340 Point             +004.43467   +014.78761  +000.78341             
 341 Point             +006.38458   +014.78771  +000.78188             
 342 Point             +008.33465   +014.78802  +000.77972             
 343 Point             +010.28460   +014.78736  +000.77763             
 344 Point             +012.23463   +014.78837  +000.77554             
 345 Point             +014.18472   +014.78719  +000.77308             
 346 Point             +016.13465   +014.78850  +000.77216             
 347 Point             +018.08473   +014.78722  +000.77129             
 348 Point             +020.03479   +014.78854  +000.76661             
 349 Point             +000.53470   +016.68843  +000.79965             
 350 Point             +002.48471   +016.68768  +000.80239             
 351 Point             +004.43468   +016.68767  +000.80105             
 352 Point             +006.38472   +016.68762  +000.79903             
 353 Point             +008.33463   +016.68755  +000.79917             
 354 Point             +010.28463   +016.68801  +000.80061             
 355 Point             +012.23464   +016.68747  +000.80092             
 356 Point             +014.18474   +016.68804  +000.80045             
 357 Point             +016.13478   +016.68762  +000.80010             
 358 Point             +018.08452   +016.68781  +000.80110             
 359 Point             +020.03461   +016.68782  +000.80080             
 360 Point             +000.53479   +018.58811  +000.78436             
 361 Point             +002.48490   +018.58776  +000.78605             
 362 Point             +004.43469   +018.58758  +000.78521             
 363 Point             +006.38471   +018.58775  +000.78479             
 364 Point             +008.33462   +018.58741  +000.78611             
 365 Point             +010.28465   +018.58845  +000.78839             
 366 Point             +012.23462   +018.58735  +000.78973             
 367 Point             +014.18473   +018.58824  +000.79059             
 368 Point             +016.13469   +018.58735  +000.79210             
 369 Point             +018.08467   +018.58839  +000.79492             
 370 Point             +020.03474   +018.58742  +000.79520             
 371 Point             +000.53498   +020.48892  +000.75513             
 372 Point             +002.48461   +020.48784  +000.75504             
 373 Point             +004.43469   +020.48756  +000.75292             
 374 Point             +006.38469   +020.48755  +000.75399             
 375 Point             +008.33456   +020.48795  +000.75726             
 376 Point             +010.28463   +020.48751  +000.76090             
 377 Point             +012.23469   +020.48804  +000.76268             
 378 Point             +014.18484   +020.48766  +000.76222             
 379 Point             +016.13476   +020.48768  +000.76349             
 380 Point             +018.08465   +020.48786  +000.76726             
 381 Point             +020.03474   +020.48807  +000.76811             
 382 Point             +000.53477   +022.38852  +000.71553             
 383 Point             +002.48464   +022.38782  +000.71574             
 384 Point             +004.43473   +022.38767  +000.71351             
 385 Point             +006.38466   +022.38745  +000.71478             
 386 Point             +008.33472   +022.38744  +000.71897             
 387 Point             +010.28464   +022.38784  +000.72629             
 388 Point             +012.23476   +022.38791  +000.72769             
 389 Point             +014.18476   +022.38752  +000.72479             
 390 Point             +016.13466   +022.38778  +000.72426             
 391 Point             +018.08456   +022.38756  +000.72848             
 392 Point             +020.03458   +022.38740  +000.73216             
 393 Datum Origin      +000.00000   +000.00000  +000.00000              25       
 394 Line              +006.78653   -000.02533  +000.00309  -000.21386  25 30    
 395 Datum Axis                     -000.20761                          394      
 396 Datum Origin      +004.59422   +000.92078                          25       
 397 Datum Origin                               +000.00000              122      
 398 Point             +000.53153   +003.38731  +000.18614             
 399 Point             +002.48149   +003.38724  +000.18884             
 400 Point             +004.43162   +003.38696  +000.18933             
 401 Point             +006.38153   +003.38663  +000.18782             
 402 Point             +008.33121   +003.38661  +000.18831             
 403 Point             +010.28139   +003.38634  +000.18990             
 404 Point             +012.23177   +003.38673  +000.19119             
 405 Point             +014.18140   +003.38641  +000.18998             
 406 Point             +016.13133   +003.38676  +000.18937             
 407 Point             +018.08175   +003.38638  +000.19046             
 408 Point             +020.03178   +003.38629  +000.18855             
 409 Point             +000.53204   +005.28676  +000.32937             
 410 Point             +002.48175   +005.28690  +000.33067             
 411 Point             +004.43177   +005.28641  +000.33116             
 412 Point             +006.38081   +005.28644  +000.33145             
 413 Point             +008.33148   +005.28648  +000.33114             
 414 Point             +010.28154   +005.28635  +000.33243             
 415 Point             +012.23179   +005.28638  +000.33312             
 416 Point             +014.18150   +005.28676  +000.33201             
 417 Point             +016.13172   +005.28637  +000.33240             
 418 Point             +018.08169   +005.28643  +000.33269             
 419 Point             +020.03190   +005.28670  +000.33038             
 420 Point             +000.53178   +007.18686  +000.45640             
 421 Point             +002.48129   +007.18685  +000.46029             
 422 Point             +004.43166   +007.18662  +000.46158             
 423 Point             +006.38168   +007.18639  +000.46258             
 424 Point             +008.33164   +007.18630  +000.46157             
 425 Point             +010.28156   +007.18666  +000.46216             
 426 Point             +012.23179   +007.18614  +000.46165             
 427 Point             +014.18213   +007.18694  +000.46064             
 428 Point             +016.13183   +007.18629  +000.46263             
 429 Point             +018.08195   +007.18650  +000.46422             
 430 Point             +020.03185   +007.18625  +000.46371             
 431 Point             +000.53235   +009.08677  +000.56103             
 432 Point             +002.48202   +009.08690  +000.56862             
 433 Point             +004.43197   +009.08671  +000.56811             
 434 Point             +006.38195   +009.08626  +000.56750             
 435 Point             +008.33183   +009.08655  +000.56649             
 436 Point             +010.28181   +009.08642  +000.56548             
 437 Point             +012.23193   +009.08631  +000.56528             
 438 Point             +014.18170   +009.08684  +000.56676             
 439 Point             +016.13217   +009.08597  +000.56926             
 440 Point             +018.08224   +009.08692  +000.57275             
 441 Point             +020.03191   +009.08641  +000.57384             
 442 Point             +000.53210   +010.98694  +000.64336             
 443 Point             +002.48212   +010.98675  +000.64945             
 444 Point             +004.43209   +010.98686  +000.65144             
 445 Point             +006.38179   +010.98643  +000.65123             
 446 Point             +008.33229   +010.98649  +000.64962             
 447 Point             +010.28207   +010.98621  +000.64821             
 448 Point             +012.23197   +010.98665  +000.64850             
 449 Point             +014.18179   +010.98619  +000.65169             
 450 Point             +016.13203   +010.98678  +000.65588             
 451 Point             +018.08218   +010.98629  +000.65917             
 452 Point             +020.03155   +010.98671  +000.65936             
 453 Point             +000.53246   +012.88672  +000.70999             
 454 Point             +002.48220   +012.88692  +000.71468             
 455 Point             +004.43255   +012.88671  +000.71687             
 456 Point             +006.38235   +012.88642  +000.71636             
 457 Point             +008.33190   +012.88646  +000.71605             
 458 Point             +010.28187   +012.88645  +000.71634             
 459 Point             +012.23204   +012.88646  +000.71903             
 460 Point             +014.18219   +012.88623  +000.72132             
 461 Point             +016.13202   +012.88642  +000.72811             
 462 Point             +018.08192   +012.88616  +000.72780             
 463 Point             +020.03225   +012.88695  +000.72689             
 464 Point             +000.53246   +014.78663  +000.75682             
 465 Point             +002.48195   +014.78665  +000.75711             
 466 Point             +004.43248   +014.78644  +000.75760             
 467 Point             +006.38228   +014.78621  +000.75819             
 468 Point             +008.33213   +014.78700  +000.75928             
 469 Point             +010.28225   +014.78621  +000.76047             
 470 Point             +012.23209   +014.78628  +000.76256             
 471 Point             +014.18242   +014.78642  +000.76545             
 472 Point             +016.13218   +014.78666  +000.76864             
 473 Point             +018.08211   +014.78632  +000.77043             
 474 Point             +020.03145   +014.78674  +000.76862             
 475 Point             +000.53265   +016.68672  +000.77625             
 476 Point             +002.48212   +016.68697  +000.77404             
 477 Point             +004.43217   +016.68676  +000.77343             
 478 Point             +006.38237   +016.68637  +000.77432             
 479 Point             +008.33207   +016.68636  +000.77171             
 480 Point             +010.28220   +016.68625  +000.77240             
 481 Point             +012.23206   +016.68667  +000.77559             
 482 Point             +014.18201   +016.68613  +000.77838             
 483 Point             +016.13213   +016.68690  +000.78127             
 484 Point             +018.08228   +016.68646  +000.78276             
 485 Point             +020.03090   +016.68650  +000.78004             
 486 Point             +000.53264   +018.58686  +000.76488             
 487 Point             +002.48218   +018.58677  +000.76577             
 488 Point             +004.43221   +018.58671  +000.76476             
 489 Point             +006.38229   +018.58668  +000.76305             
 490 Point             +008.33240   +018.58662  +000.76044             
 491 Point             +010.28220   +018.58613  +000.76112             
 492 Point             +012.23229   +018.58660  +000.76351             
 493 Point             +014.18246   +018.58631  +000.76670             
 494 Point             +016.13253   +018.58663  +000.77039             
 495 Point             +018.08203   +018.58632  +000.77118             
 496 Point             +020.03123   +018.58712  +000.76717             
 497 Point             +000.53269   +020.48692  +000.74130             
 498 Point             +002.48224   +020.48686  +000.74249             
 499 Point             +004.43212   +020.48657  +000.74087             
 500 Point             +006.38170   +020.48649  +000.73766             
 501 Point             +008.33190   +020.48625  +000.73495             
 502 Point             +010.28203   +020.48654  +000.73424             
 503 Point             +012.23203   +020.48641  +000.73563             
 504 Point             +014.18232   +020.48660  +000.73952             
 505 Point             +016.13216   +020.48632  +000.74371             
 506 Point             +018.08238   +020.48664  +000.75930             
 507 Point             +020.03190   +020.48627  +000.75169             
 508 Point             +000.53214   +022.38695  +000.72062             
 509 Point             +002.48233   +022.38699  +000.72520             
 510 Point             +004.43226   +022.38658  +000.70949             
 511 Point             +006.38243   +022.38627  +000.70338             
 512 Point             +008.33221   +022.38681  +000.69997             
 513 Point             +010.28228   +022.38650  +000.69976             
 514 Point             +012.23191   +022.38664  +000.70005             
 515 Point             +014.18160   +022.38621  +000.70474             
 516 Point             +016.13204   +022.38685  +000.70993             
 517 Point             +018.08227   +022.38624  +000.70931             
 518 Point             +020.03191   +022.38668  +000.70220             
 519 Datum Origin      +000.00000   +000.00000  +000.00000              35       
 520 Line              +006.78731   -000.02385  -000.00717  -000.20137  35 40    
 521 Datum Axis                     -000.20761                          520      
 522 Datum Origin      +004.59422   +000.92078                          35       
 523 Datum Origin                               +000.00000              124      
 524 Point             +000.53158   +003.38764  +000.16645             
 525 Point             +002.48128   +003.38717  +000.16924             
 526 Point             +004.43160   +003.38685  +000.16983             
 527 Point             +006.38144   +003.38716  +000.16798             
 528 Point             +008.33073   +003.38673  +000.16664             
 529 Point             +010.28113   +003.38682  +000.17220             
 530 Point             +012.23172   +003.38669  +000.16535             
 531 Point             +014.18165   +003.38672  +000.16741             
 532 Point             +016.13178   +003.38697  +000.16887             
 533 Point             +018.08142   +003.38694  +000.16273             
 534 Point             +020.03128   +003.38684  +000.14958             
 535 Point             +000.53192   +005.28707  +000.30867             
 536 Point             +002.48193   +005.28713  +000.30866             
 537 Point             +004.43163   +005.28663  +000.30815             
 538 Point             +006.38157   +005.28668  +000.31151             
 539 Point             +008.33072   +005.28651  +000.31467             
 540 Point             +010.28191   +005.28680  +000.30962             
 541 Point             +012.23168   +005.28665  +000.30668             
 542 Point             +014.18170   +005.28670  +000.30574             
 543 Point             +016.13197   +005.28683  +000.30839             
 544 Point             +018.08170   +005.28673  +000.30645             
 545 Point             +020.03160   +005.28668  +000.29381             
 546 Point             +000.53187   +007.18697  +000.44890             
 547 Point             +002.48161   +007.18695  +000.44569             
 548 Point             +004.43171   +007.18656  +000.44348             
 549 Point             +006.38205   +007.18651  +000.44774             
 550 Point             +008.33271   +007.18703  +000.44789             
 551 Point             +010.28201   +007.18628  +000.44205             
 552 Point             +012.23170   +007.18699  +000.43940             
 553 Point             +014.18187   +007.18648  +000.43546             
 554 Point             +016.13185   +007.18727  +000.43832             
 555 Point             +018.08174   +007.18630  +000.43838             
 556 Point             +020.03148   +007.18737  +000.42763             
 557 Point             +000.53172   +009.08689  +000.55653             
 558 Point             +002.48194   +009.08712  +000.55692             
 559 Point             +004.43192   +009.08658  +000.55591             
 560 Point             +006.38214   +009.08642  +000.55906             
 561 Point             +008.33200   +009.08731  +000.55822             
 562 Point             +010.28189   +009.08655  +000.54977             
 563 Point             +012.23203   +009.08638  +000.54623             
 564 Point             +014.18191   +009.08695  +000.54439             
 565 Point             +016.13223   +009.08656  +000.54864             
 566 Point             +018.08190   +009.08691  +000.55390             
 567 Point             +020.03192   +009.08667  +000.53326             
 568 Point             +000.53223   +010.98678  +000.64285             
 569 Point             +002.48204   +010.98688  +000.64064             
 570 Point             +004.43202   +010.98661  +000.63953             
 571 Point             +006.38189   +010.98631  +000.64389             
 572 Point             +008.33207   +010.98736  +000.64254             
 573 Point             +010.28214   +010.98650  +000.63590             
 574 Point             +012.23215   +010.98657  +000.63136             
 575 Point             +014.18216   +010.98693  +000.62791             
 576 Point             +016.13205   +010.98641  +000.63407             
 577 Point             +018.08208   +010.98664  +000.63242             
 578 Point             +020.03194   +010.98642  +000.61828             
 579 Point             +000.53224   +012.88697  +000.71238             
 580 Point             +002.48249   +012.88675  +000.71247             
 581 Point             +004.43227   +012.88655  +000.71106             
 582 Point             +006.38212   +012.88656  +000.71131             
 583 Point             +008.33193   +012.88671  +000.70807             
 584 Point             +010.28200   +012.88634  +000.70373             
 585 Point             +012.23201   +012.88707  +000.69938             
 586 Point             +014.18169   +012.88600  +000.69704             
 587 Point             +016.13279   +012.88743  +000.69859             
 588 Point             +018.08225   +012.88689  +000.69715             
 589 Point             +020.03219   +012.88724  +000.68811             
 590 Point             +000.53235   +014.78678  +000.75671             
 591 Point             +002.48232   +014.78676  +000.75700             
 592 Point             +004.43231   +014.78657  +000.75488             
 593 Point             +006.38216   +014.78710  +000.75304             
 594 Point             +008.33197   +014.78630  +000.75120             
 595 Point             +010.28213   +014.78668  +000.76025             
 596 Point             +012.23257   +014.78644  +000.75721             
 597 Point             +014.18229   +014.78674  +000.74656             
 598 Point             +016.13194   +014.78607  +000.74502             
 599 Point             +018.08134   +014.78761  +000.74507             
 600 Point             +020.03218   +014.78636  +000.74093             
 601 Point             +000.53221   +016.68682  +000.76823             
 602 Point             +002.48170   +016.68680  +000.76822             
 603 Point             +004.43244   +016.68671  +000.76801             
 604 Point             +006.38224   +016.68664  +000.76547             
 605 Point             +008.33227   +016.68664  +000.76482             
 606 Point             +010.28237   +016.68642  +000.76618             
 607 Point             +012.23212   +016.68660  +000.76553             
 608 Point             +014.18218   +016.68661  +000.76559             
 609 Point             +016.13151   +016.68644  +000.76494             
 610 Point             +018.08203   +016.68722  +000.76590             
 611 Point             +020.03247   +016.68647  +000.76566             
 612 Point             +000.53298   +018.58693  +000.75256             
 613 Point             +002.48159   +018.58684  +000.75375             
 614 Point             +004.43240   +018.58672  +000.75263             
 615 Point             +006.38235   +018.58647  +000.75199             
 616 Point             +008.33014   +018.58690  +000.75324             
 617 Point             +010.28240   +018.58613  +000.75500             
 618 Point             +012.23213   +018.58752  +000.75566             
 619 Point             +014.18213   +018.58640  +000.75641             
 620 Point             +016.13238   +018.58751  +000.75757             
 621 Point             +018.08218   +018.58695  +000.76002             
 622 Point             +020.03206   +018.58757  +000.75968             
 623 Point             +000.53247   +020.48699  +000.72377             
 624 Point             +002.48150   +020.48697  +000.72926             
 625 Point             +004.43212   +020.48673  +000.72425             
 626 Point             +006.38185   +020.48663  +000.72450             
 627 Point             +008.33277   +020.48666  +000.72646             
 628 Point             +010.28194   +020.48644  +000.72991             
 629 Point             +012.23209   +020.48700  +000.73257             
 630 Point             +014.18220   +020.48598  +000.73093             
 631 Point             +016.13227   +020.48767  +000.73228             
 632 Point             +018.08189   +020.48647  +000.73554             
 633 Point             +020.03227   +020.48723  +000.73509             
 634 Point             +000.53231   +022.38685  +000.68729             
 635 Point             +002.48213   +022.38683  +000.68668             
 636 Point             +004.43221   +022.38688  +000.68467             
 637 Point             +006.38212   +022.38639  +000.68572             
 638 Point             +008.33256   +022.38735  +000.69038             
 639 Point             +010.28232   +022.38648  +000.69813             
 640 Point             +012.23221   +022.38726  +000.70249             
 641 Point             +014.18186   +022.38624  +000.69494             
 642 Point             +016.13211   +022.38753  +000.69489             
 643 Point             +018.08218   +022.38663  +000.69905             
 644 Point             +020.03231   +022.38734  +000.70110             
 645 Point             +004.23455   +003.41846  +124.10703             
 646 Datum Origin      +000.00000   +000.00000  +000.00000              25       
 647 Line              +006.78653   -000.02533  +000.00309  -000.21386  25 30    
 648 Datum Axis                     -000.20761                          647      
 649 Datum Origin      +004.59422   +000.92078                          25       
 650 Datum Origin                               +000.00000              122      
 651 Point             +000.53458   +003.38868  +000.19889             
 652 Point             +002.48459   +003.38815  +000.20165             
 653 Point             +004.43479   +003.38749  +000.20083             
 654 Point             +006.38470   +003.38759  +000.20073             
 655 Point             +008.33465   +003.38754  +000.20088             
 656 Point             +010.28462   +003.38776  +000.20339             
 657 Point             +012.23475   +003.38770  +000.20431             
 658 Point             +014.18467   +003.38743  +000.20341             
 659 Point             +016.13466   +003.38793  +000.20190             
 660 Point             +018.08459   +003.38755  +000.20339             
 661 Point             +020.03463   +003.38587  +000.20171             
 662 Point             +000.53460   +005.28843  +000.34098             
 663 Point             +002.48455   +005.28699  +000.34299             
 664 Point             +004.43464   +005.28818  +000.34529             
 665 Point             +006.38471   +005.28744  +000.34498             
 666 Point             +008.33460   +005.28765  +000.34409             
 667 Point             +010.28455   +005.28749  +000.34664             
 668 Point             +012.23461   +005.28757  +000.34630             
 669 Point             +014.18460   +005.28754  +000.34584             
 670 Point             +016.13484   +005.28801  +000.34566             
 671 Point             +018.08463   +005.28796  +000.34682             
 672 Point             +020.03473   +005.28741  +000.34370             
 673 Point             +000.53471   +007.18830  +000.46425             
 674 Point             +002.48462   +007.18771  +000.46864             
 675 Point             +004.43460   +007.18764  +000.47143             
 676 Point             +006.38487   +007.18741  +000.47262             
 677 Point             +008.33457   +007.18754  +000.47190             
 678 Point             +010.28472   +007.18773  +000.47265             
 679 Point             +012.23461   +007.18723  +000.47141             
 680 Point             +014.18467   +007.18836  +000.47111             
 681 Point             +016.13469   +007.18756  +000.47210             
 682 Point             +018.08458   +007.18764  +000.47432             
 683 Point             +020.03478   +007.18757  +000.47445             
 684 Point             +000.53465   +009.08828  +000.56656             
 685 Point             +002.48473   +009.08773  +000.57140             
 686 Point             +004.43467   +009.08765  +000.57310             
 687 Point             +006.38493   +009.08739  +000.57320             
 688 Point             +008.33468   +009.08780  +000.57284             
 689 Point             +010.28453   +009.08736  +000.57302             
 690 Point             +012.23462   +009.08820  +000.57180             
 691 Point             +014.18471   +009.08743  +000.57303             
 692 Point             +016.13459   +009.08789  +000.57641             
 693 Point             +018.08461   +009.08724  +000.58034             
 694 Point             +020.03469   +009.08826  +000.58048             
 695 Point             +000.53463   +010.98864  +000.64960             
 696 Point             +002.48457   +010.98782  +000.65624             
 697 Point             +004.43468   +010.98751  +000.65862             
 698 Point             +006.38487   +010.98759  +000.65837             
 699 Point             +008.33469   +010.98751  +000.65755             
 700 Point             +010.28467   +010.98742  +000.65697             
 701 Point             +012.23472   +010.98790  +000.65604             
 702 Point             +014.18462   +010.98760  +000.65919             
 703 Point             +016.13468   +010.98769  +000.66528             
 704 Point             +018.08469   +010.98773  +000.66850             
 705 Point             +020.03469   +010.98782  +000.66902             
 706 Point             +000.53489   +012.88872  +000.72016             
 707 Point             +002.48472   +012.88774  +000.72747             
 708 Point             +004.43469   +012.88757  +000.72844             
 709 Point             +006.38472   +012.88749  +000.72892             
 710 Point             +008.33473   +012.88753  +000.72887             
 711 Point             +010.28469   +012.88799  +000.72915             
 712 Point             +012.23464   +012.88732  +000.72978             
 713 Point             +014.18463   +012.88828  +000.73243             
 714 Point             +016.13462   +012.88752  +000.73839             
 715 Point             +018.08456   +012.88781  +000.74191             
 716 Point             +020.03466   +012.88763  +000.74111             
 717 Point             +000.53459   +014.78854  +000.77691             
 718 Point             +002.48464   +014.78775  +000.77964             
 719 Point             +004.43466   +014.78737  +000.78066             
 720 Point             +006.38461   +014.78768  +000.78132             
 721 Point             +008.33459   +014.78743  +000.78231             
 722 Point             +010.28468   +014.78809  +000.78406             
 723 Point             +012.23469   +014.78716  +000.78611             
 724 Point             +014.18454   +014.78840  +000.78834             
 725 Point             +016.13464   +014.78722  +000.79231             
 726 Point             +018.08462   +014.78859  +000.79486             
 727 Point             +020.03466   +014.78708  +000.79344             
 728 Point             +000.53472   +016.68835  +000.80442             
 729 Point             +002.48473   +016.68774  +000.80314             
 730 Point             +004.43459   +016.68760  +000.80298             
 731 Point             +006.38474   +016.68753  +000.80220             
 732 Point             +008.33478   +016.68758  +000.80111             
 733 Point             +010.28467   +016.68770  +000.80250             
 734 Point             +012.23468   +016.68716  +000.80511             
 735 Point             +014.18468   +016.68843  +000.80863             
 736 Point             +016.13458   +016.68722  +000.81109             
 737 Point             +018.08462   +016.68845  +000.81286             
 738 Point             +020.03459   +016.68737  +000.81039             
 739 Point             +000.53484   +018.58794  +000.79287             
 740 Point             +002.48466   +018.58783  +000.79433             
 741 Point             +004.43466   +018.58765  +000.79363             
 742 Point             +006.38482   +018.58747  +000.79167             
 743 Point             +008.33452   +018.58769  +000.78893             
 744 Point             +010.28472   +018.58742  +000.78964             
 745 Point             +012.23457   +018.58792  +000.79164             
 746 Point             +014.18477   +018.58715  +000.79557             
 747 Point             +016.13466   +018.58850  +000.79896             
 748 Point             +018.08459   +018.58730  +000.80031             
 749 Point             +020.03467   +018.58831  +000.79682             
 750 Point             +000.53489   +020.48865  +000.76912             
 751 Point             +002.48470   +020.48771  +000.77119             
 752 Point             +004.43472   +020.48763  +000.76902             
 753 Point             +006.38477   +020.48735  +000.76489             
 754 Point             +008.33477   +020.48774  +000.76179             
 755 Point             +010.28467   +020.48740  +000.76182             
 756 Point             +012.23466   +020.48783  +000.76233             
 757 Point             +014.18469   +020.48722  +000.76645             
 758 Point             +016.13462   +020.48836  +000.77104             
 759 Point             +018.08464   +020.48721  +000.77156             
 760 Point             +020.03488   +020.48857  +000.76717             
 761 Point             +000.53460   +022.38838  +000.73955             
 762 Point             +002.48465   +022.38770  +000.73968             
 763 Point             +004.43467   +022.38770  +000.73657             
 764 Point             +006.38475   +022.38753  +000.73020             
 765 Point             +008.33464   +022.38735  +000.72636             
 766 Point             +010.28484   +022.38773  +000.72650             
 767 Point             +012.23468   +022.38745  +000.72662             
 768 Point             +014.18457   +022.38743  +000.73155             
 769 Point             +016.13477   +022.38747  +000.73805             
 770 Point             +018.08464   +022.38808  +000.73794             
 771 Point             +020.03469   +022.38722  +000.73106             
 772 Datum Origin      +000.00000   +000.00000  +000.00000              35       
 773 Line              +006.78731   -000.02385  -000.00717  -000.20137  35 40    
 774 Datum Axis                     -000.20761                          773      
 775 Datum Origin      +004.59422   +000.92078                          35       
 776 Datum Origin                               +000.00000              124      
 777 Point             +000.53475   +003.38812  +000.17903             
 778 Point             +002.48471   +003.38770  +000.18156             
 779 Point             +004.43473   +003.38763  +000.18253             
 780 Point             +006.38466   +003.38761  +000.18258             
 781 Point             +008.33471   +003.38769  +000.18131             
 782 Point             +010.28477   +003.38778  +000.18141             
 783 Point             +012.23468   +003.38756  +000.18050             
 784 Point             +014.18459   +003.38772  +000.18224             
 785 Point             +016.13469   +003.38754  +000.18395             
 786 Point             +018.08471   +003.38796  +000.17967             
 787 Point             +020.03473   +003.38604  +000.16657             
 788 Point             +000.53480   +005.28825  +000.32454             
 789 Point             +002.48471   +005.28708  +000.32356             
 790 Point             +004.43462   +005.28824  +000.32162             
 791 Point             +006.38468   +005.28753  +000.32500             
 792 Point             +008.33472   +005.28753  +000.32750             
 793 Point             +010.28484   +005.28781  +000.32218             
 794 Point             +012.23467   +005.28745  +000.32127             
 795 Point             +014.18475   +005.28806  +000.31979             
 796 Point             +016.13472   +005.28732  +000.32270             
 797 Point             +018.08489   +005.28836  +000.31793             
 798 Point             +020.03478   +005.28728  +000.31272             
 799 Point             +000.53477   +007.18824  +000.45619             
 800 Point             +002.48470   +007.18767  +000.45669             
 801 Point             +004.43460   +007.18767  +000.45461             
 802 Point             +006.38488   +007.18749  +000.45665             
 803 Point             +008.33459   +007.18790  +000.45907             
 804 Point             +010.28472   +007.18757  +000.45205             
 805 Point             +012.23452   +007.18783  +000.45020             
 806 Point             +014.18464   +007.18739  +000.44534             
 807 Point             +016.13474   +007.18771  +000.44791             
 808 Point             +018.08464   +007.18740  +000.45191             
 809 Point             +020.03466   +007.18827  +000.44123             
 810 Point             +000.53472   +009.08811  +000.56100             
 811 Point             +002.48472   +009.08777  +000.56243             
 812 Point             +004.43460   +009.08758  +000.56169             
 813 Point             +006.38463   +009.08768  +000.56458             
 814 Point             +008.33463   +009.08792  +000.56573             
 815 Point             +010.28462   +009.08730  +000.55719             
 816 Point             +012.23463   +009.08775  +000.55446             
 817 Point             +014.18469   +009.08737  +000.55173             
 818 Point             +016.13464   +009.08739  +000.55557             
 819 Point             +018.08444   +009.08806  +000.55543             
 820 Point             +020.03473   +009.08772  +000.54642             
 821 Point             +000.53453   +010.98888  +000.64513             
 822 Point             +002.48481   +010.98768  +000.64713             
 823 Point             +004.43474   +010.98759  +000.64576             
 824 Point             +006.38470   +010.98771  +000.64995             
 825 Point             +008.33459   +010.98754  +000.65149             
 826 Point             +010.28466   +010.98831  +000.64398             
 827 Point             +012.23457   +010.98740  +000.64126             
 828 Point             +014.18460   +010.98759  +000.63633             
 829 Point             +016.13448   +010.98749  +000.64086             
 830 Point             +018.08469   +010.98744  +000.64327             
 831 Point             +020.03464   +010.98825  +000.63016             
 832 Point             +000.53465   +012.88881  +000.72234             
 833 Point             +002.48486   +012.88778  +000.72388             
 834 Point             +004.43483   +012.88751  +000.72306             
 835 Point             +006.38460   +012.88786  +000.72482             
 836 Point             +008.33462   +012.88783  +000.72297             
 837 Point             +010.28457   +012.88765  +000.71794             
 838 Point             +012.23469   +012.88821  +000.71366             
 839 Point             +014.18474   +012.88743  +000.71055             
 840 Point             +016.13476   +012.88839  +000.71379             
 841 Point             +018.08477   +012.88744  +000.71301             
 842 Point             +020.03458   +012.88830  +000.70306             
 843 Point             +000.53466   +014.78879  +000.78284             
 844 Point             +002.48478   +014.78774  +000.78331             
 845 Point             +004.43484   +014.78761  +000.78059             
 846 Point             +006.38469   +014.78787  +000.77879             
 847 Point             +008.33469   +014.78791  +000.77673             
 848 Point             +010.28490   +014.78798  +000.77477             
 849 Point             +012.23464   +014.78760  +000.77223             
 850 Point             +014.18466   +014.78789  +000.77005             
 851 Point             +016.13463   +014.78719  +000.76956             
 852 Point             +018.08466   +014.78832  +000.76863             
 853 Point             +020.03469   +014.78740  +000.76397             
 854 Point             +000.53471   +016.68847  +000.79677             
 855 Point             +002.48481   +016.68778  +000.79943             
 856 Point             +004.43465   +016.68760  +000.79854             
 857 Point             +006.38469   +016.68783  +000.79604             
 858 Point             +008.33470   +016.68748  +000.79602             
 859 Point             +010.28475   +016.68850  +000.79774             
 860 Point             +012.23470   +016.68716  +000.79773             
 861 Point             +014.18466   +016.68857  +000.79762             
 862 Point             +016.13484   +016.68710  +000.79691             
 863 Point             +018.08492   +016.68871  +000.79814             
 864 Point             +020.03456   +016.68708  +000.79802             
 865 Point             +000.53480   +018.58819  +000.78144             
 866 Point             +002.48475   +018.58776  +000.78302             
 867 Point             +004.43467   +018.58759  +000.78221             
 868 Point             +006.38464   +018.58760  +000.78246             
 869 Point             +008.33468   +018.58776  +000.78328             
 870 Point             +010.28472   +018.58779  +000.78561             
 871 Point             +012.23463   +018.58774  +000.78689             
 872 Point             +014.18482   +018.58738  +000.78759             
 873 Point             +016.13476   +018.58835  +000.78922             
 874 Point             +018.08494   +018.58730  +000.79186             
 875 Point             +020.03474   +018.58842  +000.79257             
 876 Point             +000.53491   +020.48862  +000.75259             
 877 Point             +002.48472   +020.48784  +000.75219             
 878 Point             +004.43476   +020.48756  +000.75004             
 879 Point             +006.38466   +020.48748  +000.75071             
 880 Point             +008.33464   +020.48783  +000.75402             
 881 Point             +010.28464   +020.48752  +000.75757             
 882 Point             +012.23459   +020.48773  +000.75886             
 883 Point             +014.18475   +020.48781  +000.75803             
 884 Point             +016.13464   +020.48757  +000.76025             
 885 Point             +018.08471   +020.48785  +000.76405             
 886 Point             +020.03475   +020.48772  +000.76512             
 887 Point             +000.53484   +022.38832  +000.71300             
 888 Point             +002.48464   +022.38777  +000.71338             
 889 Point             +004.43466   +022.38761  +000.71088             
 890 Point             +006.38475   +022.38745  +000.71227             
 891 Point             +008.33475   +022.38748  +000.71654             
 892 Point             +010.28465   +022.38749  +000.72399             
 893 Point             +012.23465   +022.38750  +000.72526             
 894 Point             +014.18476   +022.38760  +000.72257             
 895 Point             +016.13467   +022.38757  +000.72218             
 896 Point             +018.08465   +022.38784  +000.72615             
 897 Point             +020.03473   +022.38833  +000.72966             
 898 Datum Origin      +000.00000   +000.00000  +000.00000              25       
 899 Line              +006.78653   -000.02533  +000.00309  -000.21386  25 30    
 900 Datum Axis                     -000.20761                          899      
 901 Datum Origin      +004.59422   +000.92078                          25       
 902 Datum Origin                               +000.00000              122      
 903 Point             +000.53152   +003.38719  +000.18224             
 904 Point             +002.48186   +003.38698  +000.18424             
 905 Point             +004.43125   +003.38706  +000.18453             
 906 Point             +006.38151   +003.38683  +000.18362             
 907 Point             +008.33150   +003.38657  +000.18471             
 908 Point             +010.28168   +003.38660  +000.18620             
 909 Point             +012.23172   +003.38659  +000.18749             
 910 Point             +014.18163   +003.38661  +000.18568             
 911 Point             +016.12996   +003.38660  +000.18507             
 912 Point             +018.08084   +003.38677  +000.18626             
 913 Point             +020.03135   +003.38629  +000.18445             
 914 Point             +000.53186   +005.28686  +000.32487             
 915 Point             +002.48139   +005.28692  +000.32636             
 916 Point             +004.43170   +005.28641  +000.32696             
 917 Point             +006.38187   +005.28661  +000.32725             
 918 Point             +008.33199   +005.28638  +000.32704             
 919 Point             +010.28197   +005.28663  +000.32833             
 920 Point             +012.23184   +005.28653  +000.32902             
 921 Point             +014.18177   +005.28656  +000.32791             
 922 Point             +016.13122   +005.28667  +000.32800             
 923 Point             +018.08178   +005.28618  +000.32819             
 924 Point             +020.03166   +005.28709  +000.32588             
 925 Point             +000.53280   +007.18708  +000.45240             
 926 Point             +002.48157   +007.18695  +000.45629             
 927 Point             +004.43153   +007.18658  +000.45778             
 928 Point             +006.38203   +007.18668  +000.45868             
 929 Point             +008.33185   +007.18643  +000.45717             
 930 Point             +010.28218   +007.18669  +000.45756             
 931 Point             +012.23140   +007.18648  +000.45735             
 932 Point             +014.18148   +007.18632  +000.45634             
 933 Point             +016.13275   +007.18707  +000.45793             
 934 Point             +018.08091   +007.18631  +000.45992             
 935 Point             +020.03091   +007.18637  +000.45971             
 936 Point             +000.53204   +009.08677  +000.55723             
 937 Point             +002.48207   +009.08692  +000.56302             
 938 Point             +004.43196   +009.08654  +000.56361             
 939 Point             +006.38199   +009.08654  +000.56400             
 940 Point             +008.33105   +009.08645  +000.56349             
 941 Point             +010.28199   +009.08646  +000.56248             
 942 Point             +012.23201   +009.08660  +000.56177             
 943 Point             +014.18179   +009.08659  +000.56316             
 944 Point             +016.13156   +009.08628  +000.56586             
 945 Point             +018.08198   +009.08652  +000.56945             
 946 Point             +020.03222   +009.08629  +000.57014             
 947 Point             +000.53388   +010.98691  +000.63986             
 948 Point             +002.48282   +010.98692  +000.64595             
 949 Point             +004.43200   +010.98679  +000.64774             
 950 Point             +006.38188   +010.98643  +000.64703             
 951 Point             +008.33210   +010.98662  +000.64582             
 952 Point             +010.28158   +010.98648  +000.64451             
 953 Point             +012.23225   +010.98637  +000.64480             
 954 Point             +014.18247   +010.98659  +000.64799             
 955 Point             +016.13232   +010.98638  +000.65198             
 956 Point             +018.08151   +010.98652  +000.65547             
 957 Point             +020.03203   +010.98646  +000.65556             
 958 Point             +000.53264   +012.88688  +000.70669             
 959 Point             +002.48223   +012.88689  +000.71038             
 960 Point             +004.43223   +012.88671  +000.71267             
 961 Point             +006.38161   +012.88657  +000.71216             
 962 Point             +008.33141   +012.88621  +000.71155             
 963 Point             +010.28223   +012.88678  +000.71244             
 964 Point             +012.23243   +012.88624  +000.71533             
 965 Point             +014.18207   +012.88688  +000.71752             
 966 Point             +016.13198   +012.88627  +000.72541             
 967 Point             +018.08193   +012.88634  +000.72380             
 968 Point             +020.03234   +012.88643  +000.72349             
 969 Point             +000.53149   +014.78694  +000.75272             
 970 Point             +002.48194   +014.78688  +000.75331             
 971 Point             +004.43231   +014.78675  +000.75400             
 972 Point             +006.38201   +014.78643  +000.75389             
 973 Point             +008.33169   +014.78637  +000.75418             
 974 Point             +010.28196   +014.78649  +000.75537             
 975 Point             +012.23185   +014.78635  +000.75806             
 976 Point             +014.18233   +014.78614  +000.76105             
 977 Point             +016.13222   +014.78669  +000.76364             
 978 Point             +018.08161   +014.78632  +000.76553             
 979 Point             +020.03146   +014.78722  +000.76432             
 980 Point             +000.53228   +016.68684  +000.77195             
 981 Point             +002.48215   +016.68692  +000.76994             
 982 Point             +004.43240   +016.68686  +000.76963             
 983 Point             +006.38220   +016.68675  +000.76942             
 984 Point             +008.33196   +016.68648  +000.76781             
 985 Point             +010.28316   +016.68625  +000.76900             
 986 Point             +012.23205   +016.68641  +000.77149             
 987 Point             +014.18220   +016.68628  +000.77408             
 988 Point             +016.13151   +016.68670  +000.77667             
 989 Point             +018.08304   +016.68606  +000.77806             
 990 Point             +020.03191   +016.68738  +000.77634             
 991 Point             +000.53253   +018.58698  +000.76038             
 992 Point             +002.48279   +018.58695  +000.76137             
 993 Point             +004.43235   +018.58689  +000.76076             
 994 Point             +006.38210   +018.58660  +000.75865             
 995 Point             +008.33148   +018.58637  +000.75643             
 996 Point             +010.28185   +018.58666  +000.75702             
 997 Point             +012.23225   +018.58615  +000.75961             
 998 Point             +014.18262   +018.58674  +000.76270             
 999 Point             +016.13065   +018.58618  +000.76599             
1000 Point             +018.08207   +018.58751  +000.77158             
1001 Point             +020.03251   +018.58698  +000.76777             
1002 Point             +000.53219   +020.48695  +000.74210             
1003 Point             +002.48216   +020.48658  +000.74419             
1004 Point             +004.43234   +020.48635  +000.74267             
1005 Point             +006.38222   +020.48659  +000.73846             
1006 Point             +008.33301   +020.48580  +000.73585             
1007 Point             +010.28175   +020.48757  +000.73524             
1008 Point             +012.23251   +020.48679  +000.73683             
1009 Point             +014.18245   +020.48710  +000.74062             
1010 Point             +016.13211   +020.48591  +000.74481             
1011 Point             +018.08201   +020.48744  +000.74480             
1012 Point             +020.03172   +020.48622  +000.73959             
1013 Point             +000.53249   +022.38680  +000.72142             
1014 Point             +002.47809   +022.38644  +000.72430             
1015 Point             +004.43196   +022.38651  +000.71109             
1016 Point             +006.38225   +022.38650  +000.70478             
1017 Point             +008.33236   +022.38684  +000.70137             
1018 Point             +010.28261   +022.38610  +000.70126             
1019 Point             +012.23193   +022.38707  +000.70155             
1020 Point             +014.18322   +022.38646  +000.70584             
1021 Point             +016.13058   +022.38685  +000.71102             
1022 Point             +018.08224   +022.38592  +000.71061             
1023 Point             +020.03213   +022.38709  +000.70360             
1024 Datum Origin      +000.00000   +000.00000  +000.00000              35       
1025 Line              +006.78731   -000.02385  -000.00717  -000.20137  35 40    
1026 Datum Axis                     -000.20761                          1025     
1027 Datum Origin      +004.59422   +000.92078                          35       
1028 Datum Origin                               +000.00000              124      
1029 Point             +000.53119   +003.38766  +000.16955             
1030 Point             +002.48187   +003.38717  +000.17174             
1031 Point             +004.43185   +003.38707  +000.17203             
1032 Point             +006.38207   +003.38680  +000.17088             
1033 Point             +008.32907   +003.38677  +000.16864             
1034 Point             +010.28223   +003.38678  +000.17420             
1035 Point             +012.23225   +003.38705  +000.16926             
1036 Point             +014.18196   +003.38670  +000.16971             
1037 Point             +016.13068   +003.38699  +000.17087             
1038 Point             +018.08240   +003.38678  +000.16453             
1039 Point             +020.03184   +003.38706  +000.15008             
1040 Point             +000.53173   +005.28690  +000.31137             
1041 Point             +002.48162   +005.28677  +000.31046             
1042 Point             +004.43144   +005.28669  +000.31015             
1043 Point             +006.38107   +005.28656  +000.31251             
1044 Point             +008.33181   +005.28661  +000.31347             
1045 Point             +010.28185   +005.28668  +000.30992             
1046 Point             +012.23142   +005.28655  +000.30778             
1047 Point             +014.18206   +005.28658  +000.30784             
1048 Point             +016.13188   +005.28709  +000.31009             
1049 Point             +018.08194   +005.28651  +000.30715             
1050 Point             +020.03198   +005.28717  +000.29551             
1051 Point             +000.53176   +007.18679  +000.45230             
1052 Point             +002.48175   +007.18668  +000.44749             
1053 Point             +004.43222   +007.18644  +000.44558             
1054 Point             +006.38271   +007.18686  +000.44994             
1055 Point             +008.33175   +007.18645  +000.45029             
1056 Point             +010.28223   +007.18706  +000.44365             
1057 Point             +012.23196   +007.18629  +000.44121             
1058 Point             +014.18101   +007.18728  +000.43786             
1059 Point             +016.13198   +007.18646  +000.44052             
1060 Point             +018.08094   +007.18747  +000.43987             
1061 Point             +020.03056   +007.18613  +000.42923             
1062 Point             +000.53196   +009.08686  +000.55843             
1063 Point             +002.48199   +009.08693  +000.55892             
1064 Point             +004.43199   +009.08683  +000.55811             
1065 Point             +006.38255   +009.08654  +000.56116             
1066 Point             +008.33216   +009.08659  +000.56012             
1067 Point             +010.28214   +009.08697  +000.55147             
1068 Point             +012.23063   +009.08633  +000.54843             
1069 Point             +014.18201   +009.08727  +000.54609             
1070 Point             +016.13183   +009.08639  +000.55014             
1071 Point             +018.08286   +009.08728  +000.55570             
1072 Point             +020.03052   +009.08623  +000.53536             
1073 Point             +000.53195   +010.98683  +000.64535             
1074 Point             +002.48211   +010.98685  +000.64284             
1075 Point             +004.43313   +010.98651  +000.64193             
1076 Point             +006.38285   +010.98654  +000.64639             
1077 Point             +008.33164   +010.98716  +000.64494             
1078 Point             +010.28213   +010.98605  +000.63780             
1079 Point             +012.23197   +010.98732  +000.63386             
1080 Point             +014.18230   +010.98611  +000.63061             
1081 Point             +016.13197   +010.98765  +000.63537             
1082 Point             +018.08267   +010.98673  +000.63413             
1083 Point             +020.03300   +010.98749  +000.62048             
1084 Point             +000.53241   +012.88687  +000.71478             
1085 Point             +002.48211   +012.88677  +000.71497             
1086 Point             +004.43229   +012.88670  +000.71376             
1087 Point             +006.38249   +012.88658  +000.71311             
1088 Point             +008.33170   +012.88701  +000.71087             
1089 Point             +010.28229   +012.88612  +000.70623             
1090 Point             +012.23228   +012.88762  +000.70188             
1091 Point             +014.18193   +012.88688  +000.69984             
1092 Point             +016.13248   +012.88716  +000.70139             
1093 Point             +018.08174   +012.88641  +000.69975             
1094 Point             +020.03214   +012.88714  +000.69051             
1095 Point             +000.53237   +014.78676  +000.75931             
1096 Point             +002.48204   +014.78666  +000.75970             
1097 Point             +004.43185   +014.78672  +000.75808             
1098 Point             +006.38221   +014.78647  +000.75534             
1099 Point             +008.33206   +014.78675  +000.75370             
1100 Point             +010.28196   +014.78638  +000.75455             
1101 Point             +012.23346   +014.78732  +000.75951             
1102 Point             +014.18350   +014.78645  +000.75776             
1103 Point             +016.13254   +014.78745  +000.74842             
1104 Point             +018.08272   +014.78625  +000.74718             
1105 Point             +020.03346   +014.78769  +000.74383             
1106 Point             +000.53263   +016.68687  +000.76993             
1107 Point             +002.48235   +016.68685  +000.77102             
1108 Point             +004.43230   +016.68643  +000.76981             
1109 Point             +006.38168   +016.68689  +000.76877             
1110 Point             +008.33242   +016.68634  +000.76772             
1111 Point             +010.28214   +016.68710  +000.76848             
1112 Point             +012.23222   +016.68587  +000.76833             
1113 Point             +014.18240   +016.68759  +000.76859             
1114 Point             +016.13268   +016.68686  +000.76824             
1115 Point             +018.08233   +016.68765  +000.76850             
1116 Point             +020.03208   +016.68650  +000.76896             
1117 Point             +000.53285   +018.58691  +000.75536             
1118 Point             +002.48201   +018.58666  +000.75645             
1119 Point             +004.43174   +018.58659  +000.75483             
1120 Point             +006.38227   +018.58639  +000.75429             
1121 Point             +008.33225   +018.58668  +000.75634             
1122 Point             +010.28212   +018.58656  +000.75770             
1123 Point             +012.23222   +018.58679  +000.75846             
1124 Point             +014.18212   +018.58622  +000.75921             
1125 Point             +016.13230   +018.58771  +000.76027             
1126 Point             +018.08230   +018.58710  +000.76242             
1127 Point             +020.03086   +018.58729  +000.76258             
1128 Point             +000.53224   +020.48699  +000.72657             
1129 Point             +002.48216   +020.48690  +000.72606             
1130 Point             +004.43114   +020.48673  +000.72515             
1131 Point             +006.38046   +020.48653  +000.72550             
1132 Point             +008.33219   +020.48656  +000.72816             
1133 Point             +010.28284   +020.48707  +000.73142             
1134 Point             +012.23223   +020.48638  +000.73707             
1135 Point             +014.18192   +020.48683  +000.73332             
1136 Point             +016.13249   +020.48666  +000.73478             
1137 Point             +018.08226   +020.48697  +000.73744             
1138 Point             +020.03292   +020.48595  +000.73749             
1139 Point             +000.53260   +022.38663  +000.68969             
1140 Point             +002.48240   +022.38683  +000.68888             
1141 Point             +004.43054   +022.38666  +000.68676             
1142 Point             +006.38421   +022.38634  +000.68772             
1143 Point             +008.33273   +022.38705  +000.69248             
1144 Point             +010.28224   +022.38613  +000.70003             
1145 Point             +012.23306   +022.38717  +000.70309             
1146 Point             +014.18235   +022.38640  +000.69794             
1147 Point             +016.13221   +022.38703  +000.69689             
1148 Point             +018.08190   +022.38656  +000.70095             
1149 Point             +020.03225   +022.38659  +000.70330             
1150 Point             +004.23465   +003.41676  +124.10713             
