+000.53107   +003.38752  +000.18892             
+002.48141   +003.38721  +000.19201             
+004.43165   +003.38706  +000.19380             
+006.38124   +003.38678  +000.19079             
+008.33150   +003.38675  +000.19149             
+010.28160   +003.38662  +000.19348             
+012.23135   +003.38657  +000.19447             
+014.18152   +003.38694  +000.19306             
+016.13140   +003.38659  +000.19245             
+018.08152   +003.38653  +000.19344             
+020.03145   +003.38718  +000.19134             
+000.53218   +005.28704  +000.33298             
+002.48186   +005.28716  +000.33437             
+004.43180   +005.28663  +000.33486             
+006.38172   +005.28656  +000.33475             
+008.33199   +005.28673  +000.33404             
+010.28161   +005.28664  +000.33523             
+012.23166   +005.28668  +000.33582             
+014.18170   +005.28672  +000.33462             
+016.13157   +005.28651  +000.33481             
+018.08162   +005.28684  +000.33500             
+020.03195   +005.28630  +000.33279             
+000.53188   +007.18702  +000.45973             
+002.48187   +007.18696  +000.46472             
+004.43187   +007.18674  +000.46612             
+006.38159   +007.18648  +000.46591             
+008.33168   +007.18678  +000.46480             
+010.28158   +007.18629  +000.46529             
+012.23169   +007.18720  +000.46468             
+014.18185   +007.18594  +000.46547             
+016.13206   +007.18782  +000.46736             
+018.08175   +007.18685  +000.46725             
+020.03211   +007.18761  +000.46615             
+000.53180   +009.08691  +000.56479             
+002.48213   +009.08705  +000.57318             
+004.43201   +009.08676  +000.57227             
+006.38191   +009.08676  +000.57056             
+008.33209   +009.08665  +000.56986             
+010.28184   +009.08645  +000.56905             
+012.23214   +009.08687  +000.56814             
+014.18207   +009.08612  +000.56943             
+016.13208   +009.08703  +000.57192             
+018.08129   +009.08630  +000.57521             
+020.03180   +009.08704  +000.57610             
+000.53228   +010.98721  +000.64665             
+002.48225   +010.98706  +000.65284             
+004.43212   +010.98685  +000.65563             
+006.38237   +010.98668  +000.65392             
+008.33215   +010.98671  +000.65271             
+010.28180   +010.98676  +000.65160             
+012.23198   +010.98667  +000.65149             
+014.18215   +010.98657  +000.65458             
+016.13179   +010.98650  +000.66068             
+018.08146   +010.98650  +000.66197             
+020.03183   +010.98643  +000.66176             
+000.53208   +012.88683  +000.71391             
+002.48204   +012.88693  +000.71950             
+004.43212   +012.88694  +000.71969             
+006.38239   +012.88672  +000.71948             
+008.33227   +012.88675  +000.71927             
+010.28197   +012.88680  +000.71996             
+012.23231   +012.88680  +000.72295             
+014.18198   +012.88656  +000.72424             
+016.13211   +012.88649  +000.73453             
+018.08207   +012.88667  +000.73032             
+020.03207   +012.88652  +000.73041             
+000.53234   +014.78701  +000.76066             
+002.48227   +014.78677  +000.76116             
+004.43234   +014.78706  +000.76115             
+006.38219   +014.78673  +000.76114             
+008.33211   +014.78666  +000.76433             
+010.28251   +014.78681  +000.76312             
+012.23220   +014.78639  +000.76551             
+014.18245   +014.78649  +000.76920             
+016.13219   +014.78647  +000.77149             
+018.08159   +014.78655  +000.77318             
+020.03242   +014.78656  +000.77147             
+000.53261   +016.68699  +000.78162             
+002.48218   +016.68706  +000.77921             
+004.43214   +016.68709  +000.77870             
+006.38226   +016.68696  +000.77729             
+008.33234   +016.68656  +000.77548             
+010.28214   +016.68654  +000.77667             
+012.23226   +016.68658  +000.77926             
+014.18213   +016.68658  +000.78185             
+016.13210   +016.68658  +000.78494             
+018.08230   +016.68641  +000.78633             
+020.03216   +016.68634  +000.78322             
+000.53288   +018.58675  +000.76898             
+002.48239   +018.58696  +000.77027             
+004.43257   +018.58682  +000.76936             
+006.38209   +018.58659  +000.76675             
+008.33251   +018.58663  +000.76444             
+010.28195   +018.58666  +000.76533             
+012.23205   +018.58643  +000.76802             
+014.18204   +018.58649  +000.77081             
+016.13244   +018.58677  +000.77380             
+018.08246   +018.58609  +000.77469             
+020.03282   +018.58698  +000.77068             
+000.53205   +020.48709  +000.74672             
+002.48217   +020.48705  +000.74961             
+004.43248   +020.48698  +000.74590             
+006.38219   +020.48676  +000.74219             
+008.33177   +020.48648  +000.73968             
+010.28197   +020.48682  +000.73937             
+012.23197   +020.48617  +000.74056             
+014.18213   +020.48738  +000.74405             
+016.13223   +020.48643  +000.74804             
+018.08234   +020.48634  +000.76423             
+020.03169   +020.48737  +000.74272             
+000.53228   +022.38677  +000.71837             
+002.48228   +022.38708  +000.72936             
+004.43196   +022.38671  +000.71475             
+006.38210   +022.38669  +000.70864             
+008.33223   +022.38667  +000.70493             
+010.28218   +022.38655  +000.70492             
+012.23213   +022.38636  +000.70501             
+014.18235   +022.38729  +000.70930             
+016.13234   +022.38637  +000.71509             
+018.08221   +022.38663  +000.71368             
+020.03198   +022.38648  +000.70627             
+000.53141   +003.38769  +000.17042             
+002.48161   +003.38740  +000.17241             
+004.43018   +003.38708  +000.17350             
+006.38153   +003.38712  +000.17236             
+008.33129   +003.38683  +000.17062             
+010.28155   +003.38692  +000.17627             
+012.23162   +003.38713  +000.16933             
+014.18037   +003.38689  +000.17139             
+016.13154   +003.38670  +000.17265             
+018.08272   +003.38731  +000.16681             
+020.03166   +003.38696  +000.15276             
+000.53186   +005.28706  +000.31297             
+002.48146   +005.28707  +000.31226             
+004.43181   +005.28679  +000.31296             
+006.38175   +005.28709  +000.31791             
+008.33188   +005.28653  +000.31907             
+010.28203   +005.28681  +000.31423             
+012.23178   +005.28735  +000.31039             
+014.18172   +005.28655  +000.30944             
+016.13137   +005.28758  +000.31170             
+018.08138   +005.28621  +000.31246             
+020.03168   +005.28778  +000.29862             
+000.53194   +007.18685  +000.45303             
+002.48186   +007.18689  +000.44972             
+004.43169   +007.18682  +000.44731             
+006.38161   +007.18691  +000.45137             
+008.33181   +007.18660  +000.45162             
+010.28146   +007.18757  +000.44508             
+012.23181   +007.18662  +000.44264             
+014.18137   +007.18715  +000.43890             
+016.13157   +007.18654  +000.44145             
+018.08182   +007.18742  +000.44151             
+020.03160   +007.18639  +000.43037             
+000.53173   +009.08697  +000.55978             
+002.48191   +009.08694  +000.55997             
+004.43208   +009.08683  +000.55916             
+006.38205   +009.08683  +000.56212             
+008.33183   +009.08666  +000.56178             
+010.28100   +009.08686  +000.55253             
+012.23207   +009.08668  +000.54969             
+014.18209   +009.08730  +000.54835             
+016.13172   +009.08648  +000.55131             
+018.08213   +009.08702  +000.55896             
+020.03195   +009.08670  +000.53682             
+000.53238   +010.98701  +000.64634             
+002.48224   +010.98718  +000.64443             
+004.43229   +010.98690  +000.64332             
+006.38286   +010.98688  +000.64778             
+008.33192   +010.98663  +000.64643             
+010.28216   +010.98715  +000.63959             
+012.23229   +010.98645  +000.63535             
+014.18176   +010.98774  +000.63190             
+016.13204   +010.98684  +000.63876             
+018.08198   +010.98744  +000.63552             
+020.03211   +010.98671  +000.62157             
+000.53262   +012.88703  +000.71629             
+002.48207   +012.88722  +000.71768             
+004.43189   +012.88702  +000.71987             
+006.38258   +012.88662  +000.71563             
+008.33181   +012.88694  +000.71299             
+010.28193   +012.88649  +000.70784             
+012.23234   +012.88704  +000.70360             
+014.18220   +012.88629  +000.70096             
+016.13230   +012.88736  +000.70221             
+018.08220   +012.88671  +000.70117             
+020.03225   +012.88743  +000.69203             
+000.53458   +014.78699  +000.76105             
+002.48226   +014.78711  +000.76184             
+004.43217   +014.78704  +000.76023             
+006.38223   +014.78673  +000.75678             
+008.33246   +014.78731  +000.75484             
+010.28186   +014.78632  +000.76610             
+012.23222   +014.78771  +000.75225             
+014.18236   +014.78653  +000.74971             
+016.13223   +014.78776  +000.74887             
+018.08226   +014.78683  +000.74922             
+020.03237   +014.78783  +000.74498             
+000.53294   +016.68700  +000.78370             
+002.48228   +016.68705  +000.77309             
+004.43197   +016.68682  +000.77418             
+006.38226   +016.68652  +000.77134             
+008.33214   +016.68677  +000.76939             
+010.28186   +016.68707  +000.76985             
+012.23210   +016.68639  +000.77001             
+014.18194   +016.68742  +000.77046             
+016.13195   +016.68626  +000.76912             
+018.08225   +016.68750  +000.76978             
+020.03221   +016.68649  +000.76953             
+000.53267   +018.58704  +000.75736             
+002.48247   +018.58706  +000.75825             
+004.43230   +018.58701  +000.75683             
+006.38225   +018.58665  +000.75679             
+008.33220   +018.58650  +000.75785             
+010.28215   +018.58764  +000.75930             
+012.23236   +018.58663  +000.76026             
+014.18213   +018.58759  +000.76211             
+016.13208   +018.58645  +000.76227             
+018.08220   +018.58779  +000.76443             
+020.03226   +018.58706  +000.76418             
+000.53440   +020.48707  +000.72890             
+002.48251   +020.48685  +000.73579             
+004.43229   +020.48697  +000.73078             
+006.38210   +020.48679  +000.73023             
+008.33245   +020.48664  +000.73249             
+010.28219   +020.48674  +000.73535             
+012.23241   +020.48694  +000.73870             
+014.18217   +020.48662  +000.73676             
+016.13215   +020.48702  +000.73781             
+018.08177   +020.48619  +000.74087             
+020.03169   +020.48775  +000.74032             
+000.53236   +022.38686  +000.69304             
+002.48224   +022.38703  +000.69203             
+004.43232   +022.38698  +000.68992             
+006.38205   +022.38696  +000.69098             
+008.33243   +022.38666  +000.69883             
+010.28215   +022.38673  +000.70399             
+012.23224   +022.38716  +000.71174             
+014.18221   +022.38621  +000.70120             
+016.13172   +022.38746  +000.69865             
+018.08196   +022.38656  +000.70291             
+020.03204   +022.38778  +000.70507             
