+000.53153   +003.38731  +000.18614             
+002.48149   +003.38724  +000.18884             
+004.43162   +003.38696  +000.18933             
+006.38153   +003.38663  +000.18782             
+008.33121   +003.38661  +000.18831             
+010.28139   +003.38634  +000.18990             
+012.23177   +003.38673  +000.19119             
+014.18140   +003.38641  +000.18998             
+016.13133   +003.38676  +000.18937             
+018.08175   +003.38638  +000.19046             
+020.03178   +003.38629  +000.18855             
+000.53204   +005.28676  +000.32937             
+002.48175   +005.28690  +000.33067             
+004.43177   +005.28641  +000.33116             
+006.38081   +005.28644  +000.33145             
+008.33148   +005.28648  +000.33114             
+010.28154   +005.28635  +000.33243             
+012.23179   +005.28638  +000.33312             
+014.18150   +005.28676  +000.33201             
+016.13172   +005.28637  +000.33240             
+018.08169   +005.28643  +000.33269             
+020.03190   +005.28670  +000.33038             
+000.53178   +007.18686  +000.45640             
+002.48129   +007.18685  +000.46029             
+004.43166   +007.18662  +000.46158             
+006.38168   +007.18639  +000.46258             
+008.33164   +007.18630  +000.46157             
+010.28156   +007.18666  +000.46216             
+012.23179   +007.18614  +000.46165             
+014.18213   +007.18694  +000.46064             
+016.13183   +007.18629  +000.46263             
+018.08195   +007.18650  +000.46422             
+020.03185   +007.18625  +000.46371             
+000.53235   +009.08677  +000.56103             
+002.48202   +009.08690  +000.56862             
+004.43197   +009.08671  +000.56811             
+006.38195   +009.08626  +000.56750             
+008.33183   +009.08655  +000.56649             
+010.28181   +009.08642  +000.56548             
+012.23193   +009.08631  +000.56528             
+014.18170   +009.08684  +000.56676             
+016.13217   +009.08597  +000.56926             
+018.08224   +009.08692  +000.57275             
+020.03191   +009.08641  +000.57384             
+000.53210   +010.98694  +000.64336             
+002.48212   +010.98675  +000.64945             
+004.43209   +010.98686  +000.65144             
+006.38179   +010.98643  +000.65123             
+008.33229   +010.98649  +000.64962             
+010.28207   +010.98621  +000.64821             
+012.23197   +010.98665  +000.64850             
+014.18179   +010.98619  +000.65169             
+016.13203   +010.98678  +000.65588             
+018.08218   +010.98629  +000.65917             
+020.03155   +010.98671  +000.65936             
+000.53246   +012.88672  +000.70999             
+002.48220   +012.88692  +000.71468             
+004.43255   +012.88671  +000.71687             
+006.38235   +012.88642  +000.71636             
+008.33190   +012.88646  +000.71605             
+010.28187   +012.88645  +000.71634             
+012.23204   +012.88646  +000.71903             
+014.18219   +012.88623  +000.72132             
+016.13202   +012.88642  +000.72811             
+018.08192   +012.88616  +000.72780             
+020.03225   +012.88695  +000.72689             
+000.53246   +014.78663  +000.75682             
+002.48195   +014.78665  +000.75711             
+004.43248   +014.78644  +000.75760             
+006.38228   +014.78621  +000.75819             
+008.33213   +014.78700  +000.75928             
+010.28225   +014.78621  +000.76047             
+012.23209   +014.78628  +000.76256             
+014.18242   +014.78642  +000.76545             
+016.13218   +014.78666  +000.76864             
+018.08211   +014.78632  +000.77043             
+020.03145   +014.78674  +000.76862             
+000.53265   +016.68672  +000.77625             
+002.48212   +016.68697  +000.77404             
+004.43217   +016.68676  +000.77343             
+006.38237   +016.68637  +000.77432             
+008.33207   +016.68636  +000.77171             
+010.28220   +016.68625  +000.77240             
+012.23206   +016.68667  +000.77559             
+014.18201   +016.68613  +000.77838             
+016.13213   +016.68690  +000.78127             
+018.08228   +016.68646  +000.78276             
+020.03090   +016.68650  +000.78004             
+000.53264   +018.58686  +000.76488             
+002.48218   +018.58677  +000.76577             
+004.43221   +018.58671  +000.76476             
+006.38229   +018.58668  +000.76305             
+008.33240   +018.58662  +000.76044             
+010.28220   +018.58613  +000.76112             
+012.23229   +018.58660  +000.76351             
+014.18246   +018.58631  +000.76670             
+016.13253   +018.58663  +000.77039             
+018.08203   +018.58632  +000.77118             
+020.03123   +018.58712  +000.76717             
+000.53269   +020.48692  +000.74130             
+002.48224   +020.48686  +000.74249             
+004.43212   +020.48657  +000.74087             
+006.38170   +020.48649  +000.73766             
+008.33190   +020.48625  +000.73495             
+010.28203   +020.48654  +000.73424             
+012.23203   +020.48641  +000.73563             
+014.18232   +020.48660  +000.73952             
+016.13216   +020.48632  +000.74371             
+018.08238   +020.48664  +000.75930             
+020.03190   +020.48627  +000.75169             
+000.53214   +022.38695  +000.72062             
+002.48233   +022.38699  +000.72520             
+004.43226   +022.38658  +000.70949             
+006.38243   +022.38627  +000.70338             
+008.33221   +022.38681  +000.69997             
+010.28228   +022.38650  +000.69976             
+012.23191   +022.38664  +000.70005             
+014.18160   +022.38621  +000.70474             
+016.13204   +022.38685  +000.70993             
+018.08227   +022.38624  +000.70931             
+020.03191   +022.38668  +000.70220             
+000.53158   +003.38764  +000.16645             
+002.48128   +003.38717  +000.16924             
+004.43160   +003.38685  +000.16983             
+006.38144   +003.38716  +000.16798             
+008.33073   +003.38673  +000.16664             
+010.28113   +003.38682  +000.17220             
+012.23172   +003.38669  +000.16535             
+014.18165   +003.38672  +000.16741             
+016.13178   +003.38697  +000.16887             
+018.08142   +003.38694  +000.16273             
+020.03128   +003.38684  +000.14958             
+000.53192   +005.28707  +000.30867             
+002.48193   +005.28713  +000.30866             
+004.43163   +005.28663  +000.30815             
+006.38157   +005.28668  +000.31151             
+008.33072   +005.28651  +000.31467             
+010.28191   +005.28680  +000.30962             
+012.23168   +005.28665  +000.30668             
+014.18170   +005.28670  +000.30574             
+016.13197   +005.28683  +000.30839             
+018.08170   +005.28673  +000.30645             
+020.03160   +005.28668  +000.29381             
+000.53187   +007.18697  +000.44890             
+002.48161   +007.18695  +000.44569             
+004.43171   +007.18656  +000.44348             
+006.38205   +007.18651  +000.44774             
+008.33271   +007.18703  +000.44789             
+010.28201   +007.18628  +000.44205             
+012.23170   +007.18699  +000.43940             
+014.18187   +007.18648  +000.43546             
+016.13185   +007.18727  +000.43832             
+018.08174   +007.18630  +000.43838             
+020.03148   +007.18737  +000.42763             
+000.53172   +009.08689  +000.55653             
+002.48194   +009.08712  +000.55692             
+004.43192   +009.08658  +000.55591             
+006.38214   +009.08642  +000.55906             
+008.33200   +009.08731  +000.55822             
+010.28189   +009.08655  +000.54977             
+012.23203   +009.08638  +000.54623             
+014.18191   +009.08695  +000.54439             
+016.13223   +009.08656  +000.54864             
+018.08190   +009.08691  +000.55390             
+020.03192   +009.08667  +000.53326             
+000.53223   +010.98678  +000.64285             
+002.48204   +010.98688  +000.64064             
+004.43202   +010.98661  +000.63953             
+006.38189   +010.98631  +000.64389             
+008.33207   +010.98736  +000.64254             
+010.28214   +010.98650  +000.63590             
+012.23215   +010.98657  +000.63136             
+014.18216   +010.98693  +000.62791             
+016.13205   +010.98641  +000.63407             
+018.08208   +010.98664  +000.63242             
+020.03194   +010.98642  +000.61828             
+000.53224   +012.88697  +000.71238             
+002.48249   +012.88675  +000.71247             
+004.43227   +012.88655  +000.71106             
+006.38212   +012.88656  +000.71131             
+008.33193   +012.88671  +000.70807             
+010.28200   +012.88634  +000.70373             
+012.23201   +012.88707  +000.69938             
+014.18169   +012.88600  +000.69704             
+016.13279   +012.88743  +000.69859             
+018.08225   +012.88689  +000.69715             
+020.03219   +012.88724  +000.68811             
+000.53235   +014.78678  +000.75671             
+002.48232   +014.78676  +000.75700             
+004.43231   +014.78657  +000.75488             
+006.38216   +014.78710  +000.75304             
+008.33197   +014.78630  +000.75120             
+010.28213   +014.78668  +000.76025             
+012.23257   +014.78644  +000.75721             
+014.18229   +014.78674  +000.74656             
+016.13194   +014.78607  +000.74502             
+018.08134   +014.78761  +000.74507             
+020.03218   +014.78636  +000.74093             
+000.53221   +016.68682  +000.76823             
+002.48170   +016.68680  +000.76822             
+004.43244   +016.68671  +000.76801             
+006.38224   +016.68664  +000.76547             
+008.33227   +016.68664  +000.76482             
+010.28237   +016.68642  +000.76618             
+012.23212   +016.68660  +000.76553             
+014.18218   +016.68661  +000.76559             
+016.13151   +016.68644  +000.76494             
+018.08203   +016.68722  +000.76590             
+020.03247   +016.68647  +000.76566             
+000.53298   +018.58693  +000.75256             
+002.48159   +018.58684  +000.75375             
+004.43240   +018.58672  +000.75263             
+006.38235   +018.58647  +000.75199             
+008.33014   +018.58690  +000.75324             
+010.28240   +018.58613  +000.75500             
+012.23213   +018.58752  +000.75566             
+014.18213   +018.58640  +000.75641             
+016.13238   +018.58751  +000.75757             
+018.08218   +018.58695  +000.76002             
+020.03206   +018.58757  +000.75968             
+000.53247   +020.48699  +000.72377             
+002.48150   +020.48697  +000.72926             
+004.43212   +020.48673  +000.72425             
+006.38185   +020.48663  +000.72450             
+008.33277   +020.48666  +000.72646             
+010.28194   +020.48644  +000.72991             
+012.23209   +020.48700  +000.73257             
+014.18220   +020.48598  +000.73093             
+016.13227   +020.48767  +000.73228             
+018.08189   +020.48647  +000.73554             
+020.03227   +020.48723  +000.73509             
+000.53231   +022.38685  +000.68729             
+002.48213   +022.38683  +000.68668             
+004.43221   +022.38688  +000.68467             
+006.38212   +022.38639  +000.68572             
+008.33256   +022.38735  +000.69038             
+010.28232   +022.38648  +000.69813             
+012.23221   +022.38726  +000.70249             
+014.18186   +022.38624  +000.69494             
+016.13211   +022.38753  +000.69489             
+018.08218   +022.38663  +000.69905             
+020.03231   +022.38734  +000.70110 
