C:\Partrtn\Jobs\Hao\sector\sector2chip.RTN
===============================================================================
Step Feature         X/R Location Y/A Location  Z Location        Size  Refer.  
===============================================================================
   1 Rotary            +000.00176   -000.98643  +000.55378  -028.00000 
   2 Sphere            -000.02825   -014.97170  +002.95328  +003.17753 
   3 Sphere            -000.31811   -043.97771  -012.47812  +003.18131 
   4 Sphere            +375.13984   -015.52356  +006.14686  +003.17774 
   5 Line              -000.17318   -029.47471  -004.76242  -090.57254  2 3      
   6 Line              +187.55579   -015.24763  +004.55007  -000.08428  2 4      
   7 Datum Origin      +000.00000   +000.00000  +000.00000              2        
   8 Datum Axis                     +180.00000                          5        
   9 Datum Axis                     +180.00000                          5        
  10 Datum Axis                     -000.28956                          6        
  11 Datum Axis                     +200.74597                          5        
  12 Datum Origin      -231.99970   -014.14700  +078.26540              2        
  13 Point             -231.99970   -014.14700  +078.26540              2        
  14 Point             -231.99970   -044.87325  +066.62674              3        
  15 Point             +143.15269   -010.77644  +081.56953              4        
  16 Width             -044.42350   -012.46172  +079.91746  +375.18208  4 2      
  17 Width             -231.99970   -029.51012  +072.44607  +032.85667  3 2      
  18 Datum Origin      +000.00000   +000.00000  +000.00000              2        
  19 Datum Axis                     +208.00000                          5        
  20 Datum Origin      -128.43160   +014.46410  -001.53690              2        
  21 Point             +004.62037   +000.95859  -000.39115             
  22 Datum Origin      +000.00000   +000.00000  +000.00000              21       
  23 Line              -000.00273   -000.12023  +000.00008  -089.28464 
  24 Line              +000.17825   -000.00636  +000.00031  -179.46156 
  25 Intersect         -000.00413   -000.00808  +000.00006  +090.17694  23 24    
  26 Point             +013.57445   +000.06910  +000.00555             
  27 Datum Origin      +000.00000   +000.00000  +000.00000              26       
  28 Line              -000.00456   -000.09469  +000.00001  -089.31722 
  29 Line              +000.03797   -000.01010  +000.00005  -179.21040 
  30 Intersect         -000.00556   -000.01070  -000.00001  +089.89319  28 29    
  31 Point             +006.76188   +000.09628  -000.00924             
  32 Datum Origin      +000.00000   +000.00000  +000.00000              31       
  33 Line              -000.00276   -000.12014  +000.00025  -089.35972 
  34 Line              +000.17814   +000.00548  +000.00047  -179.46809 
  35 Intersect         -000.00414   +000.00379  +000.00022  +090.10839  33 34    
  36 Point             +013.57450   +000.06911  -000.01559             
  37 Datum Origin      +000.00000   +000.00000  +000.00000              36       
  38 Line              -000.00323   -000.09478  +000.00009  -089.36002 
  39 Line              +000.03785   +000.00370  +000.00013  -179.23374 
  40 Intersect         -000.00432   +000.00314  +000.00007  +089.87374  38 39    
  41 Point             +006.72993   +000.11828  +000.01802             
  42 Datum Origin      +000.00000   +000.00000  +000.00000              41       
  43 Line              +000.00693   -000.12057  +000.00003  -087.17806 
  44 Line              +000.17822   -000.00288  +000.00024  -179.47156 
  45 Intersect         +000.00120   -000.00451  +000.00000  +092.29353  43 44    
  46 Point             +013.57442   +000.06913  +000.04385             
  47 Datum Origin      +000.00000   +000.00000  +000.00000              46       
  48 Line              +000.00392   -000.09462  +000.00034  -089.29463 
  49 Line              +000.03794   -000.00706  +000.00036  -179.36522 
  50 Intersect         +000.00285   -000.00745  +000.00032  +090.07060  48 49    
  51 Point             +006.73130   +000.10585  +000.03260             
  52 Datum Origin      +000.00000   +000.00000  +000.00000              51       
  53 Line              +000.00876   -000.12015  +000.00050  -089.32110 
  54 Line              +000.17821   -000.00200  +000.00041  -179.47636 
  55 Intersect         +000.00738   -000.00356  +000.00032  +090.15528  53 54    
  56 Point             +013.57428   +000.06919  +000.04923             
  57 Datum Origin      +000.00000   +000.00000  +000.00000              56       
  58 Line              +000.00641   -000.09472  +000.00044  -089.28164 
  59 Line              +000.03792   -000.00457  -000.00004  -179.37918 
  60 Intersect         +000.00528   -000.00492  +000.00017  +090.09755  58 59    
  61 Point             +006.74574   +000.11082  +000.01680             
  62 Datum Origin      +000.00000   +000.00000  +000.00000              61       
  63 Line              -000.00029   -000.12016  +000.00000  -089.23288 
  64 Line              +000.17821   -000.00173  +000.00032  -179.44536 
  65 Intersect         -000.00185   -000.00347  +000.00003  +090.21251  63 64    
  66 Point             +013.57444   +000.06913  +000.01111             
  67 Datum Origin      +000.00000   +000.00000  +000.00000              66       
  68 Line              -000.00102   -000.09476  +000.00006  -089.29322 
  69 Line              +000.03787   +000.00140  +000.00010  -179.47092 
  70 Intersect         -000.00220   +000.00103  +000.00004  +090.17772  68 69    
  71 Point             +006.73132   +000.11243  +000.02139             
  72 Datum Origin      +000.00000   +000.00000  +000.00000              71       
  73 Line              +000.00180   -000.12059  +000.00003  -089.40225 
  74 Line              +000.17811   -000.00173  +000.00024  -179.44095 
  75 Intersect         +000.00058   -000.00346  +000.00000  +090.03872  73 74    
  76 Point             +013.57434   +000.06912  +000.03760             
  77 Datum Origin      +000.00000   +000.00000  +000.00000              76       
  78 Line              +000.00055   -000.09465  +000.00034  -089.32647 
  79 Line              +000.03789   -000.00154  +000.00037  -179.37745 
  80 Intersect         -000.00054   -000.00196  +000.00032  +090.05100  78 79    
  81 Point             +006.73006   +000.11079  +000.01927             
  82 Datum Origin      +000.00000   +000.00000  +000.00000              81       
  83 Line              +000.00254   -000.12009  +000.00041  -089.33311 
  84 Line              +000.17824   -000.00077  +000.00062  -179.44211 
  85 Intersect         +000.00117   -000.00250  +000.00038  +090.10901  83 84    
  86 Point             +013.57448   +000.06919  +000.01684             
  87 Datum Origin      +000.00000   +000.00000  +000.00000              86       
  88 Line              +000.00114   -000.09474  +000.00021  -089.28958 
  89 Line              +000.03788   -000.00019  +000.00024  -179.45245 
  90 Intersect         -000.00003   -000.00055  +000.00019  +090.16288  88 89    
  91 Point             +006.76547   +000.10386  +000.01183             
  92 Datum Origin      +000.00000   +000.00000  +000.00000              91       
  93 Line              -000.00056   -000.12017  +000.00016  -089.33455 
  94 Line              +000.17817   +000.00276  +000.00038  -179.47691 
  95 Intersect         -000.00196   +000.00112  +000.00013  +090.14238  93 94    
  96 Point             +013.57434   +000.06911  +000.08307             
  97 Datum Origin      +000.00000   +000.00000  +000.00000              96       
  98 Line              -000.00128   -000.09464  +000.00046  -089.38725 
  99 Line              +000.03788   -000.00064  +000.00030  -179.16908 
 100 Intersect         -000.00228   -000.00123  +000.00034  +089.78185  98 99    
 101 Point             +006.74285   +000.09802  +000.04715             
 102 Datum Origin      +000.00000   +000.00000  +000.00000              101      
 103 Line              -000.00381   -000.12042  +000.00002  -089.47275 
 104 Line              +000.17766   +000.00368  +000.00024  -179.47494 
 105 Intersect         -000.00493   +000.00201  -000.00001  +090.00222  103 104  
 106 Point             +013.57429   +000.06922  +000.09682             
 107 Datum Origin      +000.00000   +000.00000  +000.00000              106      
 108 Line              -000.00503   -000.09470  +000.00026  -089.37710 
 109 Line              +000.03788   -000.00250  +000.00019  -179.15562 
 110 Intersect         -000.00602   -000.00315  +000.00018  +089.77854  108 109  
 111 Point             +006.75087   +000.09527  +000.02987             
 112 Datum Origin      +000.00000   +000.00000  +000.00000              111      
 113 Line              +000.00537   -000.12016  +000.00032  -089.33370 
 114 Line              +000.17825   -000.00581  +000.00053  -179.45633 
 115 Intersect         +000.00406   -000.00746  +000.00030  +090.12264  113 114  
 116 Point             +013.57457   +000.06919  -000.04530             
 117 Datum Origin      +000.00000   +000.00000  +000.00000              116      
 118 Line              +000.00272   -000.09472  +000.00008  -089.38775 
 119 Line              +000.03795   +000.00268  +000.00011  -179.42453 
 120 Intersect         +000.00168   +000.00231  +000.00006  +090.03679  118 119  
 121 Datum Origin      +000.00000   +000.00000  +000.00000              25       
 122 Point             -000.00035   -000.00041  -000.01162             
 123 Datum Origin      +000.00000   +000.00000  +000.00000              35       
 124 Point             -000.00010   -000.00037  -000.01202             
 125 Datum Origin      +000.00000   +000.00000  +000.00000              45       
 126 Point             -000.00012   +000.00005  -000.00285             
 127 Datum Origin      +000.00000   +000.00000  +000.00000              55       
 128 Point             -000.00006   +000.00053  -000.01272             
 129 Datum Origin      +000.00000   +000.00000  +000.00000              65       
 130 Point             -000.00006   +000.00006  -000.01481             
 131 Datum Origin      +000.00000   +000.00000  +000.00000              75       
 132 Point             +000.00000   +000.00019  -000.00486             
 133 Datum Origin      +000.00000   +000.00000  +000.00000              85       
 134 Point             -000.00011   +000.00022  -000.01384             
 135 Datum Origin      +000.00000   +000.00000  +000.00000              95       
 136 Point             +000.00002   +000.00023  -000.01384             
 137 Datum Origin      +000.00000   +000.00000  +000.00000              105      
 138 Point             +000.00018   +000.00016  -000.00273             
 139 Datum Origin      +000.00000   +000.00000  +000.00000              115      
 140 Point             -000.00014   +000.00020  -000.01040             
 141 Datum Origin      +000.00000   +000.00000  +000.00000              25       
 142 Line              +006.78651   +000.03324  +000.00274  +000.28061  25 30    
 143 Datum Axis                     -000.20761                          142      
 144 Datum Origin      +004.59422   +000.92078                          25       
 145 Datum Origin                               +000.00000              122      
 146 Point             +000.53473   +003.38807  +000.20664             
 147 Point             +002.48471   +003.38762  +000.20876             
 148 Point             +004.43469   +003.38751  +000.20832             
 149 Point             +006.38473   +003.38770  +000.20758             
 150 Point             +008.33462   +003.38764  +000.20773             
 151 Point             +010.28464   +003.38754  +000.20963             
 152 Point             +012.23456   +003.38768  +000.21074             
 153 Point             +014.18462   +003.38740  +000.20977             
 154 Point             +016.13457   +003.38748  +000.20829             
 155 Point             +018.08467   +003.38780  +000.20951             
 156 Point             +020.03468   +003.38619  +000.20831             
 157 Point             +000.53458   +005.28848  +000.34773             
 158 Point             +002.48474   +005.28699  +000.34963             
 159 Point             +004.43470   +005.28803  +000.35149             
 160 Point             +006.38475   +005.28740  +000.35249             
 161 Point             +008.33465   +005.28779  +000.35106             
 162 Point             +010.28481   +005.28770  +000.35237             
 163 Point             +012.23470   +005.28740  +000.35227             
 164 Point             +014.18472   +005.28820  +000.35157             
 165 Point             +016.13481   +005.28733  +000.35131             
 166 Point             +018.08466   +005.28819  +000.35198             
 167 Point             +020.03481   +005.28757  +000.34961             
 168 Point             +000.53458   +007.18844  +000.47119             
 169 Point             +002.48474   +007.18780  +000.47547             
 170 Point             +004.43464   +007.18764  +000.47737             
 171 Point             +006.38472   +007.18737  +000.47825             
 172 Point             +008.33455   +007.18751  +000.47735             
 173 Point             +010.28475   +007.18804  +000.47788             
 174 Point             +012.23464   +007.18729  +000.47669             
 175 Point             +014.18459   +007.18849  +000.47600             
 176 Point             +016.13458   +007.18723  +000.47686             
 177 Point             +018.08468   +007.18850  +000.47963             
 178 Point             +020.03478   +007.18706  +000.47949             
 179 Point             +000.53456   +009.08835  +000.57215             
 180 Point             +002.48468   +009.08770  +000.57789             
 181 Point             +004.43464   +009.08764  +000.57960             
 182 Point             +006.38479   +009.08738  +000.57993             
 183 Point             +008.33460   +009.08774  +000.57929             
 184 Point             +010.28470   +009.08743  +000.57839             
 185 Point             +012.23464   +009.08831  +000.57752             
 186 Point             +014.18467   +009.08760  +000.57803             
 187 Point             +016.13454   +009.08770  +000.58172             
 188 Point             +018.08463   +009.08835  +000.58634             
 189 Point             +020.03469   +009.08701  +000.58704             
 190 Point             +000.53450   +010.98886  +000.65515             
 191 Point             +002.48458   +010.98771  +000.66172             
 192 Point             +004.43467   +010.98765  +000.66423             
 193 Point             +006.38465   +010.98739  +000.66428             
 194 Point             +008.33469   +010.98810  +000.66277             
 195 Point             +010.28458   +010.98729  +000.66184             
 196 Point             +012.23468   +010.98825  +000.66142             
 197 Point             +014.18476   +010.98744  +000.66423             
 198 Point             +016.13463   +010.98781  +000.66942             
 199 Point             +018.08459   +010.98752  +000.67246             
 200 Point             +020.03470   +010.98737  +000.67363             
 201 Point             +000.53469   +012.88880  +000.72665             
 202 Point             +002.48459   +012.88771  +000.73387             
 203 Point             +004.43474   +012.88758  +000.73564             
 204 Point             +006.38469   +012.88746  +000.73562             
 205 Point             +008.33457   +012.88792  +000.73532             
 206 Point             +010.28459   +012.88726  +000.73522             
 207 Point             +012.23464   +012.88833  +000.73620             
 208 Point             +014.18467   +012.88783  +000.73840             
 209 Point             +016.13457   +012.88719  +000.74349             
 210 Point             +018.08469   +012.88859  +000.74666             
 211 Point             +020.03474   +012.88718  +000.74611             
 212 Point             +000.53464   +014.78876  +000.78442             
 213 Point             +002.48459   +014.78763  +000.78641             
 214 Point             +004.43471   +014.78774  +000.78718             
 215 Point             +006.38466   +014.78739  +000.78752             
 216 Point             +008.33464   +014.78820  +000.78810             
 217 Point             +010.28466   +014.78727  +000.78938             
 218 Point             +012.23468   +014.78849  +000.79171             
 219 Point             +014.18467   +014.78762  +000.79349             
 220 Point             +016.13460   +014.78753  +000.79753             
 221 Point             +018.08469   +014.78843  +000.80024             
 222 Point             +020.03479   +014.78737  +000.79921             
 223 Point             +000.53466   +016.68844  +000.81127             
 224 Point             +002.48468   +016.68770  +000.80929             
 225 Point             +004.43473   +016.68764  +000.80876             
 226 Point             +006.38465   +016.68744  +000.80759             
 227 Point             +008.33469   +016.68783  +000.80647             
 228 Point             +010.28468   +016.68746  +000.80777             
 229 Point             +012.23466   +016.68803  +000.81099             
 230 Point             +014.18466   +016.68733  +000.81333             
 231 Point             +016.13472   +016.68839  +000.81610             
 232 Point             +018.08463   +016.68790  +000.81715             
 233 Point             +020.03466   +016.68746  +000.81580             
 234 Point             +000.53481   +018.58828  +000.79912             
 235 Point             +002.48464   +018.58773  +000.80026             
 236 Point             +004.43462   +018.58763  +000.79948             
 237 Point             +006.38464   +018.58741  +000.79728             
 238 Point             +008.33448   +018.58794  +000.79444             
 239 Point             +010.28458   +018.58734  +000.79506             
 240 Point             +012.23470   +018.58808  +000.79717             
 241 Point             +014.18465   +018.58782  +000.80054             
 242 Point             +016.13462   +018.58749  +000.80450             
 243 Point             +018.08466   +018.58809  +000.80509             
 244 Point             +020.03481   +018.58796  +000.80181             
 245 Point             +000.53481   +020.48858  +000.77514             
 246 Point             +002.48475   +020.48767  +000.77738             
 247 Point             +004.43460   +020.48756  +000.77496             
 248 Point             +006.38474   +020.48752  +000.77067             
 249 Point             +008.33472   +020.48762  +000.76773             
 250 Point             +010.28464   +020.48745  +000.76730             
 251 Point             +012.23465   +020.48744  +000.76846             
 252 Point             +014.18468   +020.48802  +000.77172             
 253 Point             +016.13474   +020.48746  +000.77600             
 254 Point             +018.08459   +020.48755  +000.77691             
 255 Point             +020.03475   +020.48838  +000.77196             
 256 Point             +000.53475   +022.38848  +000.74560             
 257 Point             +002.48467   +022.38765  +000.74615             
 258 Point             +004.43467   +022.38759  +000.74261             
 259 Point             +006.38473   +022.38752  +000.73619             
 260 Point             +008.33464   +022.38758  +000.73286             
 261 Point             +010.28474   +022.38775  +000.73251             
 262 Point             +012.23470   +022.38757  +000.73228             
 263 Point             +014.18464   +022.38803  +000.73688             
 264 Point             +016.13452   +022.38733  +000.74337             
 265 Point             +018.08464   +022.38753  +000.74304             
 266 Point             +020.03466   +022.38837  +000.73658             
 267 Datum Origin      +000.00000   +000.00000  +000.00000              35       
 268 Line              +006.78721   -000.02361  -000.00787  -000.19928  35 40    
 269 Datum Axis                     -000.20761                          268      
 270 Datum Origin      +004.59422   +000.92078                          35       
 271 Datum Origin                               +000.00000              124      
 272 Point             +000.53474   +003.38827  +000.18458             
 273 Point             +002.48469   +003.38748  +000.18781             
 274 Point             +004.43471   +003.38797  +000.18877             
 275 Point             +006.38469   +003.38736  +000.18723             
 276 Point             +008.33469   +003.38826  +000.18710             
 277 Point             +010.28472   +003.38744  +000.18650             
 278 Point             +012.23471   +003.38818  +000.18512             
 279 Point             +014.18477   +003.38746  +000.18678             
 280 Point             +016.13477   +003.38815  +000.18935             
 281 Point             +018.08455   +003.38778  +000.18413             
 282 Point             +020.03474   +003.38603  +000.17088             
 283 Point             +000.53453   +005.28845  +000.32998             
 284 Point             +002.48470   +005.28711  +000.32923             
 285 Point             +004.43470   +005.28808  +000.32732             
 286 Point             +006.38461   +005.28763  +000.33037             
 287 Point             +008.33462   +005.28827  +000.33244             
 288 Point             +010.28454   +005.28735  +000.32808             
 289 Point             +012.23468   +005.28841  +000.32579             
 290 Point             +014.18460   +005.28737  +000.32351             
 291 Point             +016.13470   +005.28848  +000.32722             
 292 Point             +018.08461   +005.28739  +000.32130             
 293 Point             +020.03462   +005.28767  +000.31700             
 294 Point             +000.53468   +007.18832  +000.46081             
 295 Point             +002.48468   +007.18782  +000.46160             
 296 Point             +004.43469   +007.18758  +000.45960             
 297 Point             +006.38469   +007.18797  +000.46143             
 298 Point             +008.33473   +007.18768  +000.46390             
 299 Point             +010.28472   +007.18802  +000.45628             
 300 Point             +012.23472   +007.18781  +000.45402             
 301 Point             +014.18464   +007.18758  +000.44962             
 302 Point             +016.13473   +007.18833  +000.45272             
 303 Point             +018.08474   +007.18740  +000.45579             
 304 Point             +020.03463   +007.18817  +000.44453             
 305 Point             +000.53456   +009.08830  +000.56581             
 306 Point             +002.48476   +009.08783  +000.56683             
 307 Point             +004.43460   +009.08759  +000.56603             
 308 Point             +006.38460   +009.08817  +000.56850             
 309 Point             +008.33462   +009.08752  +000.56952             
 310 Point             +010.28459   +009.08823  +000.56116             
 311 Point             +012.23459   +009.08759  +000.55833             
 312 Point             +014.18467   +009.08804  +000.55555             
 313 Point             +016.13466   +009.08797  +000.55930             
 314 Point             +018.08454   +009.08774  +000.56040             
 315 Point             +020.03466   +009.08732  +000.54977             
 316 Point             +000.53454   +010.98875  +000.65115             
 317 Point             +002.48456   +010.98773  +000.65309             
 318 Point             +004.43457   +010.98759  +000.65165             
 319 Point             +006.38466   +010.98795  +000.65492             
 320 Point             +008.33461   +010.98771  +000.65622             
 321 Point             +010.28458   +010.98737  +000.64930             
 322 Point             +012.23450   +010.98801  +000.64542             
 323 Point             +014.18465   +010.98739  +000.63999             
 324 Point             +016.13464   +010.98788  +000.64518             
 325 Point             +018.08455   +010.98744  +000.64751             
 326 Point             +020.03464   +010.98748  +000.63455             
 327 Point             +000.53477   +012.88887  +000.72664             
 328 Point             +002.48459   +012.88774  +000.72871             
 329 Point             +004.43472   +012.88765  +000.72772             
 330 Point             +006.38468   +012.88767  +000.72887             
 331 Point             +008.33464   +012.88797  +000.72739             
 332 Point             +010.28470   +012.88738  +000.72283             
 333 Point             +012.23471   +012.88843  +000.71803             
 334 Point             +014.18473   +012.88729  +000.71369             
 335 Point             +016.13466   +012.88838  +000.71799             
 336 Point             +018.08473   +012.88711  +000.71657             
 337 Point             +020.03466   +012.88848  +000.70648             
 338 Point             +000.53463   +014.78847  +000.78709             
 339 Point             +002.48471   +014.78774  +000.78803             
 340 Point             +004.43461   +014.78760  +000.78538             
 341 Point             +006.38468   +014.78776  +000.78396             
 342 Point             +008.33467   +014.78816  +000.78151             
 343 Point             +010.28474   +014.78732  +000.77940             
 344 Point             +012.23451   +014.78853  +000.77700             
 345 Point             +014.18463   +014.78730  +000.77462             
 346 Point             +016.13455   +014.78835  +000.77355             
 347 Point             +018.08474   +014.78774  +000.77268             
 348 Point             +020.03459   +014.78814  +000.76773             
 349 Point             +000.53477   +016.68854  +000.80207             
 350 Point             +002.48471   +016.68783  +000.80446             
 351 Point             +004.43462   +016.68761  +000.80344             
 352 Point             +006.38472   +016.68794  +000.80146             
 353 Point             +008.33473   +016.68757  +000.80116             
 354 Point             +010.28470   +016.68819  +000.80232             
 355 Point             +012.23464   +016.68756  +000.80245             
 356 Point             +014.18487   +016.68825  +000.80189             
 357 Point             +016.13462   +016.68825  +000.80133             
 358 Point             +018.08449   +016.68744  +000.80179             
 359 Point             +020.03453   +016.68833  +000.80187             
 360 Point             +000.53485   +018.58797  +000.78654             
 361 Point             +002.48465   +018.58778  +000.78835             
 362 Point             +004.43456   +018.58757  +000.78685             
 363 Point             +006.38467   +018.58801  +000.78704             
 364 Point             +008.33468   +018.58801  +000.78806             
 365 Point             +010.28461   +018.58742  +000.79019             
 366 Point             +012.23458   +018.58842  +000.79102             
 367 Point             +014.18471   +018.58716  +000.79206             
 368 Point             +016.13459   +018.58863  +000.79311             
 369 Point             +018.08459   +018.58709  +000.79589             
 370 Point             +020.03454   +018.58856  +000.79620             
 371 Point             +000.53495   +020.48862  +000.75754             
 372 Point             +002.48465   +020.48769  +000.75700             
 373 Point             +004.43471   +020.48745  +000.75540             
 374 Point             +006.38470   +020.48846  +000.75600             
 375 Point             +008.33470   +020.48757  +000.75854             
 376 Point             +010.28464   +020.48791  +000.76276             
 377 Point             +012.23464   +020.48776  +000.76450             
 378 Point             +014.18478   +020.48771  +000.76400             
 379 Point             +016.13461   +020.48828  +000.76501             
 380 Point             +018.08458   +020.48727  +000.76821             
 381 Point             +020.03456   +020.48853  +000.76901             
 382 Point             +000.53469   +022.38834  +000.71906             
 383 Point             +002.48467   +022.38770  +000.71884             
 384 Point             +004.43470   +022.38772  +000.71657             
 385 Point             +006.38471   +022.38760  +000.71741             
 386 Point             +008.33479   +022.38813  +000.72146             
 387 Point             +010.28470   +022.38767  +000.72877             
 388 Point             +012.23461   +022.38778  +000.73041             
 389 Point             +014.18462   +022.38809  +000.72709             
 390 Point             +016.13463   +022.38774  +000.72625             
 391 Point             +018.08470   +022.38816  +000.72974             
 392 Point             +020.03463   +022.38773  +000.73385             
 393 Datum Origin      +000.00000   +000.00000  +000.00000              25       
 394 Line              +006.78654   -000.02558  +000.00274  -000.21595  25 30    
 395 Datum Axis                     -000.20761                          394      
 396 Datum Origin      +004.59422   +000.92078                          25       
 397 Datum Origin                               +000.00000              122      
 398 Point             +000.53107   +003.38752  +000.18892             
 399 Point             +002.48141   +003.38721  +000.19201             
 400 Point             +004.43165   +003.38706  +000.19380             
 401 Point             +006.38124   +003.38678  +000.19079             
 402 Point             +008.33150   +003.38675  +000.19149             
 403 Point             +010.28160   +003.38662  +000.19348             
 404 Point             +012.23135   +003.38657  +000.19447             
 405 Point             +014.18152   +003.38694  +000.19306             
 406 Point             +016.13140   +003.38659  +000.19245             
 407 Point             +018.08152   +003.38653  +000.19344             
 408 Point             +020.03145   +003.38718  +000.19134             
 409 Point             +000.53218   +005.28704  +000.33298             
 410 Point             +002.48186   +005.28716  +000.33437             
 411 Point             +004.43180   +005.28663  +000.33486             
 412 Point             +006.38172   +005.28656  +000.33475             
 413 Point             +008.33199   +005.28673  +000.33404             
 414 Point             +010.28161   +005.28664  +000.33523             
 415 Point             +012.23166   +005.28668  +000.33582             
 416 Point             +014.18170   +005.28672  +000.33462             
 417 Point             +016.13157   +005.28651  +000.33481             
 418 Point             +018.08162   +005.28684  +000.33500             
 419 Point             +020.03195   +005.28630  +000.33279             
 420 Point             +000.53188   +007.18702  +000.45973             
 421 Point             +002.48187   +007.18696  +000.46472             
 422 Point             +004.43187   +007.18674  +000.46612             
 423 Point             +006.38159   +007.18648  +000.46591             
 424 Point             +008.33168   +007.18678  +000.46480             
 425 Point             +010.28158   +007.18629  +000.46529             
 426 Point             +012.23169   +007.18720  +000.46468             
 427 Point             +014.18185   +007.18594  +000.46547             
 428 Point             +016.13206   +007.18782  +000.46736             
 429 Point             +018.08175   +007.18685  +000.46725             
 430 Point             +020.03211   +007.18761  +000.46615             
 431 Point             +000.53180   +009.08691  +000.56479             
 432 Point             +002.48213   +009.08705  +000.57318             
 433 Point             +004.43201   +009.08676  +000.57227             
 434 Point             +006.38191   +009.08676  +000.57056             
 435 Point             +008.33209   +009.08665  +000.56986             
 436 Point             +010.28184   +009.08645  +000.56905             
 437 Point             +012.23214   +009.08687  +000.56814             
 438 Point             +014.18207   +009.08612  +000.56943             
 439 Point             +016.13208   +009.08703  +000.57192             
 440 Point             +018.08129   +009.08630  +000.57521             
 441 Point             +020.03180   +009.08704  +000.57610             
 442 Point             +000.53228   +010.98721  +000.64665             
 443 Point             +002.48225   +010.98706  +000.65284             
 444 Point             +004.43212   +010.98685  +000.65563             
 445 Point             +006.38237   +010.98668  +000.65392             
 446 Point             +008.33215   +010.98671  +000.65271             
 447 Point             +010.28180   +010.98676  +000.65160             
 448 Point             +012.23198   +010.98667  +000.65149             
 449 Point             +014.18215   +010.98657  +000.65458             
 450 Point             +016.13179   +010.98650  +000.66068             
 451 Point             +018.08146   +010.98650  +000.66197             
 452 Point             +020.03183   +010.98643  +000.66176             
 453 Point             +000.53208   +012.88683  +000.71391             
 454 Point             +002.48204   +012.88693  +000.71950             
 455 Point             +004.43212   +012.88694  +000.71969             
 456 Point             +006.38239   +012.88672  +000.71948             
 457 Point             +008.33227   +012.88675  +000.71927             
 458 Point             +010.28197   +012.88680  +000.71996             
 459 Point             +012.23231   +012.88680  +000.72295             
 460 Point             +014.18198   +012.88656  +000.72424             
 461 Point             +016.13211   +012.88649  +000.73453             
 462 Point             +018.08207   +012.88667  +000.73032             
 463 Point             +020.03207   +012.88652  +000.73041             
 464 Point             +000.53234   +014.78701  +000.76066             
 465 Point             +002.48227   +014.78677  +000.76116             
 466 Point             +004.43234   +014.78706  +000.76115             
 467 Point             +006.38219   +014.78673  +000.76114             
 468 Point             +008.33211   +014.78666  +000.76433             
 469 Point             +010.28251   +014.78681  +000.76312             
 470 Point             +012.23220   +014.78639  +000.76551             
 471 Point             +014.18245   +014.78649  +000.76920             
 472 Point             +016.13219   +014.78647  +000.77149             
 473 Point             +018.08159   +014.78655  +000.77318             
 474 Point             +020.03242   +014.78656  +000.77147             
 475 Point             +000.53261   +016.68699  +000.78162             
 476 Point             +002.48218   +016.68706  +000.77921             
 477 Point             +004.43214   +016.68709  +000.77870             
 478 Point             +006.38226   +016.68696  +000.77729             
 479 Point             +008.33234   +016.68656  +000.77548             
 480 Point             +010.28214   +016.68654  +000.77667             
 481 Point             +012.23226   +016.68658  +000.77926             
 482 Point             +014.18213   +016.68658  +000.78185             
 483 Point             +016.13210   +016.68658  +000.78494             
 484 Point             +018.08230   +016.68641  +000.78633             
 485 Point             +020.03216   +016.68634  +000.78322             
 486 Point             +000.53288   +018.58675  +000.76898             
 487 Point             +002.48239   +018.58696  +000.77027             
 488 Point             +004.43257   +018.58682  +000.76936             
 489 Point             +006.38209   +018.58659  +000.76675             
 490 Point             +008.33251   +018.58663  +000.76444             
 491 Point             +010.28195   +018.58666  +000.76533             
 492 Point             +012.23205   +018.58643  +000.76802             
 493 Point             +014.18204   +018.58649  +000.77081             
 494 Point             +016.13244   +018.58677  +000.77380             
 495 Point             +018.08246   +018.58609  +000.77469             
 496 Point             +020.03282   +018.58698  +000.77068             
 497 Point             +000.53205   +020.48709  +000.74672             
 498 Point             +002.48217   +020.48705  +000.74961             
 499 Point             +004.43248   +020.48698  +000.74590             
 500 Point             +006.38219   +020.48676  +000.74219             
 501 Point             +008.33177   +020.48648  +000.73968             
 502 Point             +010.28197   +020.48682  +000.73937             
 503 Point             +012.23197   +020.48617  +000.74056             
 504 Point             +014.18213   +020.48738  +000.74405             
 505 Point             +016.13223   +020.48643  +000.74804             
 506 Point             +018.08234   +020.48634  +000.76423             
 507 Point             +020.03169   +020.48737  +000.74272             
 508 Point             +000.53228   +022.38677  +000.71837             
 509 Point             +002.48228   +022.38708  +000.72936             
 510 Point             +004.43196   +022.38671  +000.71475             
 511 Point             +006.38210   +022.38669  +000.70864             
 512 Point             +008.33223   +022.38667  +000.70493             
 513 Point             +010.28218   +022.38655  +000.70492             
 514 Point             +012.23213   +022.38636  +000.70501             
 515 Point             +014.18235   +022.38729  +000.70930             
 516 Point             +016.13234   +022.38637  +000.71509             
 517 Point             +018.08221   +022.38663  +000.71368             
 518 Point             +020.03198   +022.38648  +000.70627             
 519 Datum Origin      +000.00000   +000.00000  +000.00000              35       
 520 Line              +006.78721   -000.02361  -000.00787  -000.19928  35 40    
 521 Datum Axis                     -000.20761                          520      
 522 Datum Origin      +004.59422   +000.92078                          35       
 523 Datum Origin                               +000.00000              124      
 524 Point             +000.53141   +003.38769  +000.17042             
 525 Point             +002.48161   +003.38740  +000.17241             
 526 Point             +004.43018   +003.38708  +000.17350             
 527 Point             +006.38153   +003.38712  +000.17236             
 528 Point             +008.33129   +003.38683  +000.17062             
 529 Point             +010.28155   +003.38692  +000.17627             
 530 Point             +012.23162   +003.38713  +000.16933             
 531 Point             +014.18037   +003.38689  +000.17139             
 532 Point             +016.13154   +003.38670  +000.17265             
 533 Point             +018.08272   +003.38731  +000.16681             
 534 Point             +020.03166   +003.38696  +000.15276             
 535 Point             +000.53186   +005.28706  +000.31297             
 536 Point             +002.48146   +005.28707  +000.31226             
 537 Point             +004.43181   +005.28679  +000.31296             
 538 Point             +006.38175   +005.28709  +000.31791             
 539 Point             +008.33188   +005.28653  +000.31907             
 540 Point             +010.28203   +005.28681  +000.31423             
 541 Point             +012.23178   +005.28735  +000.31039             
 542 Point             +014.18172   +005.28655  +000.30944             
 543 Point             +016.13137   +005.28758  +000.31170             
 544 Point             +018.08138   +005.28621  +000.31246             
 545 Point             +020.03168   +005.28778  +000.29862             
 546 Point             +000.53194   +007.18685  +000.45303             
 547 Point             +002.48186   +007.18689  +000.44972             
 548 Point             +004.43169   +007.18682  +000.44731             
 549 Point             +006.38161   +007.18691  +000.45137             
 550 Point             +008.33181   +007.18660  +000.45162             
 551 Point             +010.28146   +007.18757  +000.44508             
 552 Point             +012.23181   +007.18662  +000.44264             
 553 Point             +014.18137   +007.18715  +000.43890             
 554 Point             +016.13157   +007.18654  +000.44145             
 555 Point             +018.08182   +007.18742  +000.44151             
 556 Point             +020.03160   +007.18639  +000.43037             
 557 Point             +000.53173   +009.08697  +000.55978             
 558 Point             +002.48191   +009.08694  +000.55997             
 559 Point             +004.43208   +009.08683  +000.55916             
 560 Point             +006.38205   +009.08683  +000.56212             
 561 Point             +008.33183   +009.08666  +000.56178             
 562 Point             +010.28100   +009.08686  +000.55253             
 563 Point             +012.23207   +009.08668  +000.54969             
 564 Point             +014.18209   +009.08730  +000.54835             
 565 Point             +016.13172   +009.08648  +000.55131             
 566 Point             +018.08213   +009.08702  +000.55896             
 567 Point             +020.03195   +009.08670  +000.53682             
 568 Point             +000.53238   +010.98701  +000.64634             
 569 Point             +002.48224   +010.98718  +000.64443             
 570 Point             +004.43229   +010.98690  +000.64332             
 571 Point             +006.38286   +010.98688  +000.64778             
 572 Point             +008.33192   +010.98663  +000.64643             
 573 Point             +010.28216   +010.98715  +000.63959             
 574 Point             +012.23229   +010.98645  +000.63535             
 575 Point             +014.18176   +010.98774  +000.63190             
 576 Point             +016.13204   +010.98684  +000.63876             
 577 Point             +018.08198   +010.98744  +000.63552             
 578 Point             +020.03211   +010.98671  +000.62157             
 579 Point             +000.53262   +012.88703  +000.71629             
 580 Point             +002.48207   +012.88722  +000.71768             
 581 Point             +004.43189   +012.88702  +000.71987             
 582 Point             +006.38258   +012.88662  +000.71563             
 583 Point             +008.33181   +012.88694  +000.71299             
 584 Point             +010.28193   +012.88649  +000.70784             
 585 Point             +012.23234   +012.88704  +000.70360             
 586 Point             +014.18220   +012.88629  +000.70096             
 587 Point             +016.13230   +012.88736  +000.70221             
 588 Point             +018.08220   +012.88671  +000.70117             
 589 Point             +020.03225   +012.88743  +000.69203             
 590 Point             +000.53458   +014.78699  +000.76105             
 591 Point             +002.48226   +014.78711  +000.76184             
 592 Point             +004.43217   +014.78704  +000.76023             
 593 Point             +006.38223   +014.78673  +000.75678             
 594 Point             +008.33246   +014.78731  +000.75484             
 595 Point             +010.28186   +014.78632  +000.76610             
 596 Point             +012.23222   +014.78771  +000.75225             
 597 Point             +014.18236   +014.78653  +000.74971             
 598 Point             +016.13223   +014.78776  +000.74887             
 599 Point             +018.08226   +014.78683  +000.74922             
 600 Point             +020.03237   +014.78783  +000.74498             
 601 Point             +000.53294   +016.68700  +000.78370             
 602 Point             +002.48228   +016.68705  +000.77309             
 603 Point             +004.43197   +016.68682  +000.77418             
 604 Point             +006.38226   +016.68652  +000.77134             
 605 Point             +008.33214   +016.68677  +000.76939             
 606 Point             +010.28186   +016.68707  +000.76985             
 607 Point             +012.23210   +016.68639  +000.77001             
 608 Point             +014.18194   +016.68742  +000.77046             
 609 Point             +016.13195   +016.68626  +000.76912             
 610 Point             +018.08225   +016.68750  +000.76978             
 611 Point             +020.03221   +016.68649  +000.76953             
 612 Point             +000.53267   +018.58704  +000.75736             
 613 Point             +002.48247   +018.58706  +000.75825             
 614 Point             +004.43230   +018.58701  +000.75683             
 615 Point             +006.38225   +018.58665  +000.75679             
 616 Point             +008.33220   +018.58650  +000.75785             
 617 Point             +010.28215   +018.58764  +000.75930             
 618 Point             +012.23236   +018.58663  +000.76026             
 619 Point             +014.18213   +018.58759  +000.76211             
 620 Point             +016.13208   +018.58645  +000.76227             
 621 Point             +018.08220   +018.58779  +000.76443             
 622 Point             +020.03226   +018.58706  +000.76418             
 623 Point             +000.53440   +020.48707  +000.72890             
 624 Point             +002.48251   +020.48685  +000.73579             
 625 Point             +004.43229   +020.48697  +000.73078             
 626 Point             +006.38210   +020.48679  +000.73023             
 627 Point             +008.33245   +020.48664  +000.73249             
 628 Point             +010.28219   +020.48674  +000.73535             
 629 Point             +012.23241   +020.48694  +000.73870             
 630 Point             +014.18217   +020.48662  +000.73676             
 631 Point             +016.13215   +020.48702  +000.73781             
 632 Point             +018.08177   +020.48619  +000.74087             
 633 Point             +020.03169   +020.48775  +000.74032             
 634 Point             +000.53236   +022.38686  +000.69304             
 635 Point             +002.48224   +022.38703  +000.69203             
 636 Point             +004.43232   +022.38698  +000.68992             
 637 Point             +006.38205   +022.38696  +000.69098             
 638 Point             +008.33243   +022.38666  +000.69883             
 639 Point             +010.28215   +022.38673  +000.70399             
 640 Point             +012.23224   +022.38716  +000.71174             
 641 Point             +014.18221   +022.38621  +000.70120             
 642 Point             +016.13172   +022.38746  +000.69865             
 643 Point             +018.08196   +022.38656  +000.70291             
 644 Point             +020.03204   +022.38778  +000.70507             
 645 Point             +004.23373   +003.41773  +124.10751             
