+000.53473   +003.38807  +000.20664             
+002.48471   +003.38762  +000.20876             
+004.43469   +003.38751  +000.20832             
+006.38473   +003.38770  +000.20758             
+008.33462   +003.38764  +000.20773             
+010.28464   +003.38754  +000.20963             
+012.23456   +003.38768  +000.21074             
+014.18462   +003.38740  +000.20977             
+016.13457   +003.38748  +000.20829             
+018.08467   +003.38780  +000.20951             
+020.03468   +003.38619  +000.20831             
+000.53458   +005.28848  +000.34773             
+002.48474   +005.28699  +000.34963             
+004.43470   +005.28803  +000.35149             
+006.38475   +005.28740  +000.35249             
+008.33465   +005.28779  +000.35106             
+010.28481   +005.28770  +000.35237             
+012.23470   +005.28740  +000.35227             
+014.18472   +005.28820  +000.35157             
+016.13481   +005.28733  +000.35131             
+018.08466   +005.28819  +000.35198             
+020.03481   +005.28757  +000.34961             
+000.53458   +007.18844  +000.47119             
+002.48474   +007.18780  +000.47547             
+004.43464   +007.18764  +000.47737             
+006.38472   +007.18737  +000.47825             
+008.33455   +007.18751  +000.47735             
+010.28475   +007.18804  +000.47788             
+012.23464   +007.18729  +000.47669             
+014.18459   +007.18849  +000.47600             
+016.13458   +007.18723  +000.47686             
+018.08468   +007.18850  +000.47963             
+020.03478   +007.18706  +000.47949             
+000.53456   +009.08835  +000.57215             
+002.48468   +009.08770  +000.57789             
+004.43464   +009.08764  +000.57960             
+006.38479   +009.08738  +000.57993             
+008.33460   +009.08774  +000.57929             
+010.28470   +009.08743  +000.57839             
+012.23464   +009.08831  +000.57752             
+014.18467   +009.08760  +000.57803             
+016.13454   +009.08770  +000.58172             
+018.08463   +009.08835  +000.58634             
+020.03469   +009.08701  +000.58704             
+000.53450   +010.98886  +000.65515             
+002.48458   +010.98771  +000.66172             
+004.43467   +010.98765  +000.66423             
+006.38465   +010.98739  +000.66428             
+008.33469   +010.98810  +000.66277             
+010.28458   +010.98729  +000.66184             
+012.23468   +010.98825  +000.66142             
+014.18476   +010.98744  +000.66423             
+016.13463   +010.98781  +000.66942             
+018.08459   +010.98752  +000.67246             
+020.03470   +010.98737  +000.67363             
+000.53469   +012.88880  +000.72665             
+002.48459   +012.88771  +000.73387             
+004.43474   +012.88758  +000.73564             
+006.38469   +012.88746  +000.73562             
+008.33457   +012.88792  +000.73532             
+010.28459   +012.88726  +000.73522             
+012.23464   +012.88833  +000.73620             
+014.18467   +012.88783  +000.73840             
+016.13457   +012.88719  +000.74349             
+018.08469   +012.88859  +000.74666             
+020.03474   +012.88718  +000.74611             
+000.53464   +014.78876  +000.78442             
+002.48459   +014.78763  +000.78641             
+004.43471   +014.78774  +000.78718             
+006.38466   +014.78739  +000.78752             
+008.33464   +014.78820  +000.78810             
+010.28466   +014.78727  +000.78938             
+012.23468   +014.78849  +000.79171             
+014.18467   +014.78762  +000.79349             
+016.13460   +014.78753  +000.79753             
+018.08469   +014.78843  +000.80024             
+020.03479   +014.78737  +000.79921             
+000.53466   +016.68844  +000.81127             
+002.48468   +016.68770  +000.80929             
+004.43473   +016.68764  +000.80876             
+006.38465   +016.68744  +000.80759             
+008.33469   +016.68783  +000.80647             
+010.28468   +016.68746  +000.80777             
+012.23466   +016.68803  +000.81099             
+014.18466   +016.68733  +000.81333             
+016.13472   +016.68839  +000.81610             
+018.08463   +016.68790  +000.81715             
+020.03466   +016.68746  +000.81580             
+000.53481   +018.58828  +000.79912             
+002.48464   +018.58773  +000.80026             
+004.43462   +018.58763  +000.79948             
+006.38464   +018.58741  +000.79728             
+008.33448   +018.58794  +000.79444             
+010.28458   +018.58734  +000.79506             
+012.23470   +018.58808  +000.79717             
+014.18465   +018.58782  +000.80054             
+016.13462   +018.58749  +000.80450             
+018.08466   +018.58809  +000.80509             
+020.03481   +018.58796  +000.80181             
+000.53481   +020.48858  +000.77514             
+002.48475   +020.48767  +000.77738             
+004.43460   +020.48756  +000.77496             
+006.38474   +020.48752  +000.77067             
+008.33472   +020.48762  +000.76773             
+010.28464   +020.48745  +000.76730             
+012.23465   +020.48744  +000.76846             
+014.18468   +020.48802  +000.77172             
+016.13474   +020.48746  +000.77600             
+018.08459   +020.48755  +000.77691             
+020.03475   +020.48838  +000.77196             
+000.53475   +022.38848  +000.74560             
+002.48467   +022.38765  +000.74615             
+004.43467   +022.38759  +000.74261             
+006.38473   +022.38752  +000.73619             
+008.33464   +022.38758  +000.73286             
+010.28474   +022.38775  +000.73251             
+012.23470   +022.38757  +000.73228             
+014.18464   +022.38803  +000.73688             
+016.13452   +022.38733  +000.74337             
+018.08464   +022.38753  +000.74304             
+020.03466   +022.38837  +000.73658             
+000.53474   +003.38827  +000.18458             
+002.48469   +003.38748  +000.18781             
+004.43471   +003.38797  +000.18877             
+006.38469   +003.38736  +000.18723             
+008.33469   +003.38826  +000.18710             
+010.28472   +003.38744  +000.18650             
+012.23471   +003.38818  +000.18512             
+014.18477   +003.38746  +000.18678             
+016.13477   +003.38815  +000.18935             
+018.08455   +003.38778  +000.18413             
+020.03474   +003.38603  +000.17088             
+000.53453   +005.28845  +000.32998             
+002.48470   +005.28711  +000.32923             
+004.43470   +005.28808  +000.32732             
+006.38461   +005.28763  +000.33037             
+008.33462   +005.28827  +000.33244             
+010.28454   +005.28735  +000.32808             
+012.23468   +005.28841  +000.32579             
+014.18460   +005.28737  +000.32351             
+016.13470   +005.28848  +000.32722             
+018.08461   +005.28739  +000.32130             
+020.03462   +005.28767  +000.31700             
+000.53468   +007.18832  +000.46081             
+002.48468   +007.18782  +000.46160             
+004.43469   +007.18758  +000.45960             
+006.38469   +007.18797  +000.46143             
+008.33473   +007.18768  +000.46390             
+010.28472   +007.18802  +000.45628             
+012.23472   +007.18781  +000.45402             
+014.18464   +007.18758  +000.44962             
+016.13473   +007.18833  +000.45272             
+018.08474   +007.18740  +000.45579             
+020.03463   +007.18817  +000.44453             
+000.53456   +009.08830  +000.56581             
+002.48476   +009.08783  +000.56683             
+004.43460   +009.08759  +000.56603             
+006.38460   +009.08817  +000.56850             
+008.33462   +009.08752  +000.56952             
+010.28459   +009.08823  +000.56116             
+012.23459   +009.08759  +000.55833             
+014.18467   +009.08804  +000.55555             
+016.13466   +009.08797  +000.55930             
+018.08454   +009.08774  +000.56040             
+020.03466   +009.08732  +000.54977             
+000.53454   +010.98875  +000.65115             
+002.48456   +010.98773  +000.65309             
+004.43457   +010.98759  +000.65165             
+006.38466   +010.98795  +000.65492             
+008.33461   +010.98771  +000.65622             
+010.28458   +010.98737  +000.64930             
+012.23450   +010.98801  +000.64542             
+014.18465   +010.98739  +000.63999             
+016.13464   +010.98788  +000.64518             
+018.08455   +010.98744  +000.64751             
+020.03464   +010.98748  +000.63455             
+000.53477   +012.88887  +000.72664             
+002.48459   +012.88774  +000.72871             
+004.43472   +012.88765  +000.72772             
+006.38468   +012.88767  +000.72887             
+008.33464   +012.88797  +000.72739             
+010.28470   +012.88738  +000.72283             
+012.23471   +012.88843  +000.71803             
+014.18473   +012.88729  +000.71369             
+016.13466   +012.88838  +000.71799             
+018.08473   +012.88711  +000.71657             
+020.03466   +012.88848  +000.70648             
+000.53463   +014.78847  +000.78709             
+002.48471   +014.78774  +000.78803             
+004.43461   +014.78760  +000.78538             
+006.38468   +014.78776  +000.78396             
+008.33467   +014.78816  +000.78151             
+010.28474   +014.78732  +000.77940             
+012.23451   +014.78853  +000.77700             
+014.18463   +014.78730  +000.77462             
+016.13455   +014.78835  +000.77355             
+018.08474   +014.78774  +000.77268             
+020.03459   +014.78814  +000.76773             
+000.53477   +016.68854  +000.80207             
+002.48471   +016.68783  +000.80446             
+004.43462   +016.68761  +000.80344             
+006.38472   +016.68794  +000.80146             
+008.33473   +016.68757  +000.80116             
+010.28470   +016.68819  +000.80232             
+012.23464   +016.68756  +000.80245             
+014.18487   +016.68825  +000.80189             
+016.13462   +016.68825  +000.80133             
+018.08449   +016.68744  +000.80179             
+020.03453   +016.68833  +000.80187             
+000.53485   +018.58797  +000.78654             
+002.48465   +018.58778  +000.78835             
+004.43456   +018.58757  +000.78685             
+006.38467   +018.58801  +000.78704             
+008.33468   +018.58801  +000.78806             
+010.28461   +018.58742  +000.79019             
+012.23458   +018.58842  +000.79102             
+014.18471   +018.58716  +000.79206             
+016.13459   +018.58863  +000.79311             
+018.08459   +018.58709  +000.79589             
+020.03454   +018.58856  +000.79620             
+000.53495   +020.48862  +000.75754             
+002.48465   +020.48769  +000.75700             
+004.43471   +020.48745  +000.75540             
+006.38470   +020.48846  +000.75600             
+008.33470   +020.48757  +000.75854             
+010.28464   +020.48791  +000.76276             
+012.23464   +020.48776  +000.76450             
+014.18478   +020.48771  +000.76400             
+016.13461   +020.48828  +000.76501             
+018.08458   +020.48727  +000.76821             
+020.03456   +020.48853  +000.76901             
+000.53469   +022.38834  +000.71906             
+002.48467   +022.38770  +000.71884             
+004.43470   +022.38772  +000.71657             
+006.38471   +022.38760  +000.71741             
+008.33479   +022.38813  +000.72146             
+010.28470   +022.38767  +000.72877             
+012.23461   +022.38778  +000.73041             
+014.18462   +022.38809  +000.72709             
+016.13463   +022.38774  +000.72625             
+018.08470   +022.38816  +000.72974             
+020.03463   +022.38773  +000.73385
