C:\Partrtn\Jobs\Hao\sector\sector2chip.RTN
===============================================================================
Step Feature         X/R Location Y/A Location  Z Location        Size  Refer.  
===============================================================================
   1 Rotary            +000.00166   -000.98643  +000.55408  -028.00000 
   2 Sphere            -000.00832   -014.98022  +002.88016  +003.17955 
   3 Sphere            -000.29763   -043.97621  -012.57112  +003.17610 
   4 Sphere            +375.16041   -015.53111  +006.16622  +003.17697 
   5 Line              -000.15298   -029.47822  -004.84548  -090.57166  2 3      
   6 Line              +187.57605   -015.25567  +004.52319  -000.08413  2 4      
   7 Datum Origin      +000.00000   +000.00000  +000.00000              2        
   8 Datum Axis                     +180.00000                          5        
   9 Datum Axis                     +180.00000                          5        
  10 Datum Axis                     -000.28956                          6        
  11 Datum Axis                     +200.74597                          5        
  12 Datum Origin      -231.99970   -014.14700  +078.26540              2        
  13 Point             -231.99970   -014.14700  +078.26540              2        
  14 Point             -231.99970   -044.87371  +066.62656              3        
  15 Point             +143.15367   -010.73892  +081.58375              4        
  16 Width             -044.42301   -012.44296  +079.92457  +375.18353  4 2      
  17 Width             -231.99970   -029.51035  +072.44598  +032.85716  3 2      
  18 Datum Origin      +000.00000   +000.00000  +000.00000              2        
  19 Datum Axis                     +208.00000                          5        
  20 Datum Origin      -128.43160   +014.46410  -001.53690              2        
  21 Point             +004.62031   +000.95869  -000.31810             
  22 Datum Origin      +000.00000   +000.00000  +000.00000              21       
  23 Line              -000.00096   -000.12534  +000.00011  -089.33991 
  24 Line              +000.17820   -000.01740  +000.00023  -179.45475 
  25 Intersect         -000.00218   -000.01911  +000.00002  +090.11490  23 24    
  26 Point             +013.57461   +000.04945  +000.00628             
  27 Datum Origin      +000.00000   +000.00000  +000.00000              26       
  28 Line              -000.00232   -000.09471  +000.00007  -089.40232 
  29 Line              +000.03786   -000.00014  +000.00004  -179.31959 
  30 Intersect         -000.00330   -000.00063  -000.00001  +089.91732  28 29    
  31 Point             +006.76289   +000.11566  -000.00741             
  32 Datum Origin      +000.00000   +000.00000  +000.00000              31       
  33 Line              -000.00183   -000.12004  +000.00032  -089.36319 
  34 Line              +000.17810   -000.00222  +000.00042  -179.47559 
  35 Intersect         -000.00312   -000.00388  +000.00021  +090.11246  33 34    
  36 Point             +013.57450   +000.06906  -000.01502             
  37 Datum Origin      +000.00000   +000.00000  +000.00000              36       
  38 Line              -000.00259   -000.09461  +000.00014  -089.37464 
  39 Line              +000.03788   -000.00296  +000.00020  -179.11548 
  40 Intersect         -000.00358   -000.00360  +000.00010  +089.74090  38 39    
  41 Point             +006.73238   +000.11080  +000.02908             
  42 Datum Origin      +000.00000   +000.00000  +000.00000              41       
  43 Line              +000.00440   -000.11454  -000.00004  -089.34975 
  44 Line              +000.17809   -000.00083  +000.00006  -179.46475 
  45 Intersect         +000.00313   -000.00247  -000.00014  +090.11506  43 44    
  46 Point             +013.57435   +000.06910  +000.03018             
  47 Datum Origin      +000.00000   +000.00000  +000.00000              46       
  48 Line              +000.00241   -000.09457  -000.00021  -089.27551 
  49 Line              +000.03788   -000.00296  -000.00025  -179.34894 
  50 Intersect         +000.00126   -000.00338  -000.00030  +090.07348  48 49    
  51 Point             +006.72990   +000.11310  +000.03088             
  52 Datum Origin      +000.00000   +000.00000  +000.00000              51       
  53 Line              +000.00819   -000.12004  +000.00021  -089.34472 
  54 Line              +000.17811   -000.00371  +000.00031  -179.46287 
  55 Intersect         +000.00688   -000.00532  +000.00011  +090.11821  53 54    
  56 Point             +013.57440   +000.06922  +000.04771             
  57 Datum Origin      +000.00000   +000.00000  +000.00000              56       
  58 Line              +000.00635   -000.09466  +000.00052  -089.28930 
  59 Line              +000.03790   -000.00493  +000.00047  -179.36317 
  60 Intersect         +000.00524   -000.00530  +000.00044  +090.07393  58 59    
  61 Point             +006.74084   +000.10957  +000.01636             
  62 Datum Origin      +000.00000   +000.00000  +000.00000              61       
  63 Line              +000.00463   -000.12006  +000.00048  -089.23509 
  64 Line              +000.17809   -000.00045  +000.00048  -179.44546 
  65 Intersect         +000.00306   -000.00214  +000.00032  +090.21042  63 64    
  66 Point             +013.57446   +000.06915  +000.00785             
  67 Datum Origin      +000.00000   +000.00000  +000.00000              66       
  68 Line              +000.00386   -000.09462  +000.00054  -089.32177 
  69 Line              +000.03781   +000.00519  +000.00019  -179.50831 
  70 Intersect         +000.00268   +000.00489  +000.00030  +090.18660  68 69    
  71 Point             +006.73580   +000.11927  +000.03042             
  72 Datum Origin      +000.00000   +000.00000  +000.00000              71       
  73 Line              +000.00207   -000.12007  +000.00053  -089.35312 
  74 Line              +000.17816   -000.00393  +000.00053  -179.43206 
  75 Intersect         +000.00078   -000.00569  +000.00037  +090.07899  73 74    
  76 Point             +013.57435   +000.06913  +000.02551             
  77 Datum Origin      +000.00000   +000.00000  +000.00000              76       
  78 Line              +000.00080   -000.09458  +000.00026  -089.38985 
  79 Line              +000.03787   -000.00143  +000.00012  -179.40388 
  80 Intersect         -000.00018   -000.00183  +000.00012  +090.01408  78 79    
  81 Point             +006.72988   +000.11065  +000.01792             
  82 Datum Origin      +000.00000   +000.00000  +000.00000              81       
  83 Line              +000.00265   -000.12009  +000.00043  -089.32475 
  84 Line              +000.17809   +000.00087  +000.00042  -179.43647 
  85 Intersect         +000.00124   -000.00087  +000.00027  +090.11178  83 84    
  86 Point             +013.57447   +000.06918  +000.01336             
  87 Datum Origin      +000.00000   +000.00000  +000.00000              86       
  88 Line              +000.00083   -000.09468  +000.00035  -089.31540 
  89 Line              +000.03783   +000.00308  +000.00020  -179.47506 
  90 Intersect         -000.00034   +000.00273  +000.00021  +090.15973  88 89    
  91 Point             +006.76409   +000.11220  +000.00989             
  92 Datum Origin      +000.00000   +000.00000  +000.00000              91       
  93 Line              +000.00074   -000.12004  +000.00029  -089.36259 
  94 Line              +000.17809   -000.00091  +000.00039  -179.45746 
  95 Intersect         -000.00057   -000.00260  +000.00018  +090.09493  93 94    
  96 Point             +013.57433   +000.06901  +000.07778             
  97 Datum Origin      +000.00000   +000.00000  +000.00000              96       
  98 Line              +000.00074   -000.09460  +000.00042  -089.36925 
  99 Line              +000.03787   -000.00222  +000.00028  -179.13449 
 100 Intersect         -000.00027   -000.00280  +000.00029  +089.76530  98 99    
 101 Point             +006.74219   +000.10348  +000.05254             
 102 Datum Origin      +000.00000   +000.00000  +000.00000              101      
 103 Line              -000.00023   -000.12012  +000.00035  -089.42149 
 104 Line              +000.17809   -000.00139  +000.00046  -179.46743 
 105 Intersect         -000.00141   -000.00306  +000.00025  +090.04600  103 104  
 106 Point             +013.57430   +000.06923  +000.08510             
 107 Datum Origin      +000.00000   +000.00000  +000.00000              106      
 108 Line              -000.00145   -000.09470  +000.00015  -089.41742 
 109 Line              +000.03791   -000.00562  +000.00002  -179.40857 
 110 Intersect         -000.00235   -000.00603  +000.00002  +089.99121  108 109  
 111 Point             +006.75588   +000.08661  +000.02724             
 112 Datum Origin      +000.00000   +000.00000  +000.00000              111      
 113 Line              +000.00443   -000.11999  +000.00031  -089.33891 
 114 Line              +000.17806   +000.00159  +000.00031  -179.44962 
 115 Intersect         +000.00305   -000.00009  +000.00016  +090.11077  113 114  
 116 Point             +013.57172   +000.08538  -000.05269             
 117 Datum Origin      +000.00000   +000.00000  +000.00000              116      
 118 Line              +000.00465   -000.09506  -000.00001  -089.35318 
 119 Line              +000.03809   -000.00362  -000.00005  -179.39235 
 120 Intersect         +000.00363   -000.00399  -000.00009  +090.03923  118 119  
 121 Datum Origin      +000.00000   +000.00000  +000.00000              25       
 122 Point             -000.00005   +000.00005  -000.00874             
 123 Datum Origin      +000.00000   +000.00000  +000.00000              35       
 124 Point             -000.00001   -000.00017  -000.00983             
 125 Datum Origin      +000.00000   +000.00000  +000.00000              45       
 126 Point             -000.00043   -000.00011  -000.01305             
 127 Datum Origin      +000.00000   +000.00000  +000.00000              55       
 128 Point             -000.00020   +000.00013  -000.00948             
 129 Datum Origin      +000.00000   +000.00000  +000.00000              65       
 130 Point             -000.00026   -000.00002  -000.01390             
 131 Datum Origin      +000.00000   +000.00000  +000.00000              75       
 132 Point             -000.00012   -000.00035  -000.01411             
 133 Datum Origin      +000.00000   +000.00000  +000.00000              85       
 134 Point             -000.00015   -000.00044  -000.01388             
 135 Datum Origin      +000.00000   +000.00000  +000.00000              95       
 136 Point             -000.00022   +000.00003  -000.01373             
 137 Datum Origin      +000.00000   +000.00000  +000.00000              105      
 138 Point             -000.00018   -000.00006  -000.01012             
 139 Datum Origin      +000.00000   +000.00000  +000.00000              115      
 140 Point             -000.00001   -000.00024  -000.00995             
 141 Datum Origin      +000.00000   +000.00000  +000.00000              25       
 142 Line              +006.78675   +000.03397  +000.00312  +000.28678  25 30    
 143 Datum Axis                     -000.20761                          142      
 144 Datum Origin      +004.59422   +000.92078                          25       
 145 Datum Origin                               +000.00000              122      
 146 Point             +000.53470   +003.38844  +000.19385             
 147 Point             +002.48456   +003.38740  +000.19650             
 148 Point             +004.43471   +003.38796  +000.19679             
 149 Point             +006.38460   +003.38748  +000.19626             
 150 Point             +008.33467   +003.38800  +000.19712             
 151 Point             +010.28457   +003.38751  +000.19933             
 152 Point             +012.23471   +003.38801  +000.20073             
 153 Point             +014.18468   +003.38757  +000.20024             
 154 Point             +016.13468   +003.38794  +000.19857             
 155 Point             +018.08463   +003.38745  +000.20045             
 156 Point             +020.03470   +003.38598  +000.19895             
 157 Point             +000.53472   +005.28836  +000.32833             
 158 Point             +002.48468   +005.28690  +000.33131             
 159 Point             +004.43472   +005.28832  +000.33313             
 160 Point             +006.38465   +005.28754  +000.33385             
 161 Point             +008.33473   +005.28826  +000.33341             
 162 Point             +010.28461   +005.28740  +000.33402             
 163 Point             +012.23467   +005.28748  +000.33529             
 164 Point             +014.18467   +005.28770  +000.33501             
 165 Point             +016.13477   +005.28776  +000.33487             
 166 Point             +018.08468   +005.28754  +000.33549             
 167 Point             +020.03460   +005.28773  +000.33374             
 168 Point             +000.53475   +007.18840  +000.44771             
 169 Point             +002.48471   +007.18780  +000.45322             
 170 Point             +004.43467   +007.18759  +000.45490             
 171 Point             +006.38472   +007.18754  +000.45619             
 172 Point             +008.33477   +007.18766  +000.45548             
 173 Point             +010.28464   +007.18759  +000.45637             
 174 Point             +012.23457   +007.18754  +000.45638             
 175 Point             +014.18474   +007.18777  +000.45540             
 176 Point             +016.13476   +007.18767  +000.45576             
 177 Point             +018.08471   +007.18779  +000.45910             
 178 Point             +020.03456   +007.18756  +000.45878             
 179 Point             +000.53463   +009.08806  +000.54319             
 180 Point             +002.48459   +009.08768  +000.55092             
 181 Point             +004.43467   +009.08747  +000.55357             
 182 Point             +006.38469   +009.08760  +000.55254             
 183 Point             +008.33469   +009.08746  +000.55335             
 184 Point             +010.28463   +009.08776  +000.55339             
 185 Point             +012.23464   +009.08739  +000.55289             
 186 Point             +014.18471   +009.08833  +000.55312             
 187 Point             +016.13470   +009.08724  +000.55609             
 188 Point             +018.08471   +009.08851  +000.56016             
 189 Point             +020.03468   +009.08724  +000.56094             
 190 Point             +000.53465   +010.98864  +000.62123             
 191 Point             +002.48459   +010.98770  +000.62953             
 192 Point             +004.43470   +010.98757  +000.63156             
 193 Point             +006.38468   +010.98752  +000.63216             
 194 Point             +008.33473   +010.98759  +000.63026             
 195 Point             +010.28458   +010.98753  +000.62968             
 196 Point             +012.23463   +010.98740  +000.62910             
 197 Point             +014.18470   +010.98804  +000.63257             
 198 Point             +016.13470   +010.98758  +000.63704             
 199 Point             +018.08460   +010.98791  +000.64010             
 200 Point             +020.03457   +010.98740  +000.64009             
 201 Point             +000.53465   +012.88863  +000.68840             
 202 Point             +002.48469   +012.88767  +000.69480             
 203 Point             +004.43471   +012.88757  +000.69646             
 204 Point             +006.38462   +012.88747  +000.69740             
 205 Point             +008.33464   +012.88758  +000.69602             
 206 Point             +010.28459   +012.88741  +000.69679             
 207 Point             +012.23474   +012.88737  +000.69791             
 208 Point             +014.18464   +012.88745  +000.70044             
 209 Point             +016.13480   +012.88764  +000.70663             
 210 Point             +018.08461   +012.88750  +000.70972             
 211 Point             +020.03456   +012.88745  +000.70950             
 212 Point             +000.53460   +014.78857  +000.73855             
 213 Point             +002.48465   +014.78770  +000.74113             
 214 Point             +004.43473   +014.78760  +000.74217             
 215 Point             +006.38482   +014.78745  +000.74208             
 216 Point             +008.33494   +014.78756  +000.74310             
 217 Point             +010.28462   +014.78752  +000.74539             
 218 Point             +012.23466   +014.78749  +000.74809             
 219 Point             +014.18462   +014.78747  +000.75055             
 220 Point             +016.13474   +014.78786  +000.75363             
 221 Point             +018.08463   +014.78741  +000.75578             
 222 Point             +020.03469   +014.78820  +000.75512             
 223 Point             +000.53486   +016.68822  +000.75709             
 224 Point             +002.48473   +016.68771  +000.75577             
 225 Point             +004.43466   +016.68760  +000.75558             
 226 Point             +006.38476   +016.68739  +000.75454             
 227 Point             +008.33474   +016.68782  +000.75321             
 228 Point             +010.28469   +016.68745  +000.75466             
 229 Point             +012.23466   +016.68746  +000.75761             
 230 Point             +014.18466   +016.68768  +000.76075             
 231 Point             +016.13467   +016.68747  +000.76370             
 232 Point             +018.08462   +016.68776  +000.76530             
 233 Point             +020.03452   +016.68738  +000.76350             
 234 Point             +000.53484   +018.58765  +000.73824             
 235 Point             +002.48473   +018.58775  +000.73970             
 236 Point             +004.43475   +018.58757  +000.73936             
 237 Point             +006.38481   +018.58747  +000.73652             
 238 Point             +008.33476   +018.58736  +000.73343             
 239 Point             +010.28474   +018.58757  +000.73367             
 240 Point             +012.23469   +018.58737  +000.73629             
 241 Point             +014.18467   +018.58764  +000.73938             
 242 Point             +016.13468   +018.58725  +000.74306             
 243 Point             +018.08454   +018.58779  +000.74406             
 244 Point             +020.03467   +018.58725  +000.74074             
 245 Point             +000.53499   +020.48863  +000.70613             
 246 Point             +002.48463   +020.48764  +000.70768             
 247 Point             +004.43474   +020.48753  +000.70584             
 248 Point             +006.38471   +020.48736  +000.70184             
 249 Point             +008.33470   +020.48754  +000.69854             
 250 Point             +010.28464   +020.48731  +000.69837             
 251 Point             +012.23472   +020.48763  +000.69905             
 252 Point             +014.18469   +020.48720  +000.70283             
 253 Point             +016.13471   +020.48762  +000.70703             
 254 Point             +018.08476   +020.48739  +000.70782             
 255 Point             +020.03487   +020.48828  +000.70298             
 256 Point             +000.53485   +022.38807  +000.67058             
 257 Point             +002.48474   +022.38760  +000.67148             
 258 Point             +004.43472   +022.38749  +000.66709             
 259 Point             +006.38471   +022.38747  +000.66065             
 260 Point             +008.33478   +022.38737  +000.65647             
 261 Point             +010.28478   +022.38747  +000.65655             
 262 Point             +012.23472   +022.38746  +000.65577             
 263 Point             +014.18474   +022.38735  +000.66016             
 264 Point             +016.13474   +022.38792  +000.66657             
 265 Point             +018.08470   +022.38726  +000.66677             
 266 Point             +020.03471   +022.38745  +000.65966             
 267 Datum Origin      +000.00000   +000.00000  +000.00000              35       
 268 Line              +006.78706   -000.02389  -000.00756  -000.20170  35 40    
 269 Datum Axis                     -000.20761                          268      
 270 Datum Origin      +004.59422   +000.92078                          35       
 271 Datum Origin                               +000.00000              124      
 272 Point             +000.53477   +003.38815  +000.17242             
 273 Point             +002.48478   +003.38767  +000.17576             
 274 Point             +004.43478   +003.38767  +000.17648             
 275 Point             +006.38462   +003.38765  +000.17601             
 276 Point             +008.33460   +003.38758  +000.17523             
 277 Point             +010.28466   +003.38780  +000.17444             
 278 Point             +012.23467   +003.38769  +000.17344             
 279 Point             +014.18461   +003.38773  +000.17576             
 280 Point             +016.13471   +003.38781  +000.17778             
 281 Point             +018.08467   +003.38775  +000.17323             
 282 Point             +020.03475   +003.38603  +000.15910             
 283 Point             +000.53458   +005.28840  +000.31302             
 284 Point             +002.48469   +005.28696  +000.31091             
 285 Point             +004.43468   +005.28820  +000.30950             
 286 Point             +006.38460   +005.28747  +000.31362             
 287 Point             +008.33468   +005.28846  +000.31614             
 288 Point             +010.28468   +005.28745  +000.31100             
 289 Point             +012.23466   +005.28793  +000.30811             
 290 Point             +014.18469   +005.28758  +000.30734             
 291 Point             +016.13473   +005.28775  +000.31118             
 292 Point             +018.08471   +005.28751  +000.30539             
 293 Point             +020.03466   +005.28755  +000.29805             
 294 Point             +000.53467   +007.18840  +000.43658             
 295 Point             +002.48472   +007.18775  +000.43719             
 296 Point             +004.43462   +007.18765  +000.43506             
 297 Point             +006.38467   +007.18745  +000.43807             
 298 Point             +008.33463   +007.18797  +000.44072             
 299 Point             +010.28473   +007.18743  +000.43457             
 300 Point             +012.23469   +007.18823  +000.43199             
 301 Point             +014.18470   +007.18743  +000.42866             
 302 Point             +016.13467   +007.18805  +000.43156             
 303 Point             +018.08477   +007.18745  +000.43436             
 304 Point             +020.03476   +007.18788  +000.42359             
 305 Point             +000.53456   +009.08814  +000.53721             
 306 Point             +002.48463   +009.08771  +000.53794             
 307 Point             +004.43460   +009.08760  +000.53751             
 308 Point             +006.38462   +009.08753  +000.54056             
 309 Point             +008.33459   +009.08800  +000.54189             
 310 Point             +010.28467   +009.08762  +000.53368             
 311 Point             +012.23452   +009.08779  +000.53043             
 312 Point             +014.18470   +009.08784  +000.52746             
 313 Point             +016.13463   +009.08769  +000.53129             
 314 Point             +018.08477   +009.08785  +000.53261             
 315 Point             +020.03470   +009.08776  +000.52213             
 316 Point             +000.53456   +010.98873  +000.61805             
 317 Point             +002.48466   +010.98769  +000.61943             
 318 Point             +004.43485   +010.98772  +000.61747             
 319 Point             +006.38472   +010.98754  +000.62240             
 320 Point             +008.33467   +010.98799  +000.62407             
 321 Point             +010.28469   +010.98748  +000.61731             
 322 Point             +012.23470   +010.98827  +000.61387             
 323 Point             +014.18461   +010.98747  +000.60796             
 324 Point             +016.13461   +010.98804  +000.61408             
 325 Point             +018.08471   +010.98780  +000.61595             
 326 Point             +020.03465   +010.98774  +000.60193             
 327 Point             +000.53481   +012.88858  +000.69057             
 328 Point             +002.48466   +012.88764  +000.69066             
 329 Point             +004.43486   +012.88768  +000.69027             
 330 Point             +006.38467   +012.88744  +000.69226             
 331 Point             +008.33479   +012.88802  +000.69106             
 332 Point             +010.28462   +012.88733  +000.68448             
 333 Point             +012.23462   +012.88813  +000.67998             
 334 Point             +014.18464   +012.88732  +000.67560             
 335 Point             +016.13467   +012.88818  +000.67907             
 336 Point             +018.08472   +012.88722  +000.67812             
 337 Point             +020.03437   +012.88823  +000.66639             
 338 Point             +000.53455   +014.78854  +000.74087             
 339 Point             +002.48478   +014.78767  +000.74214             
 340 Point             +004.43455   +014.78767  +000.73918             
 341 Point             +006.38460   +014.78753  +000.73818             
 342 Point             +008.33463   +014.78792  +000.73634             
 343 Point             +010.28473   +014.78762  +000.73447             
 344 Point             +012.23458   +014.78786  +000.73262             
 345 Point             +014.18463   +014.78746  +000.73021             
 346 Point             +016.13468   +014.78799  +000.72950             
 347 Point             +018.08474   +014.78754  +000.72837             
 348 Point             +020.03475   +014.78792  +000.72341             
 349 Point             +000.53462   +016.68826  +000.74701             
 350 Point             +002.48475   +016.68767  +000.74932             
 351 Point             +004.43486   +016.68756  +000.74795             
 352 Point             +006.38473   +016.68765  +000.74610             
 353 Point             +008.33475   +016.68758  +000.74633             
 354 Point             +010.28474   +016.68798  +000.74754             
 355 Point             +012.23454   +016.68732  +000.74782             
 356 Point             +014.18469   +016.68831  +000.74757             
 357 Point             +016.13473   +016.68725  +000.74701             
 358 Point             +018.08473   +016.68838  +000.74772             
 359 Point             +020.03482   +016.68725  +000.74823             
 360 Point             +000.53484   +018.58781  +000.72312             
 361 Point             +002.48475   +018.58773  +000.72480             
 362 Point             +004.43475   +018.58753  +000.72327             
 363 Point             +006.38471   +018.58743  +000.72381             
 364 Point             +008.33474   +018.58781  +000.72573             
 365 Point             +010.28469   +018.58733  +000.72725             
 366 Point             +012.23483   +018.58822  +000.72822             
 367 Point             +014.18475   +018.58744  +000.72918             
 368 Point             +016.13473   +018.58801  +000.73099             
 369 Point             +018.08477   +018.58743  +000.73350             
 370 Point             +020.03480   +018.58812  +000.73406             
 371 Point             +000.53506   +020.48830  +000.68657             
 372 Point             +002.48474   +020.48759  +000.68632             
 373 Point             +004.43487   +020.48739  +000.68428             
 374 Point             +006.38471   +020.48758  +000.68537             
 375 Point             +008.33474   +020.48730  +000.68856             
 376 Point             +010.28478   +020.48799  +000.69215             
 377 Point             +012.23462   +020.48735  +000.69396             
 378 Point             +014.18473   +020.48783  +000.69321             
 379 Point             +016.13473   +020.48741  +000.69478             
 380 Point             +018.08473   +020.48812  +000.69819             
 381 Point             +020.03453   +020.48758  +000.69954             
 382 Point             +000.53454   +022.38815  +000.64010             
 383 Point             +002.48480   +022.38773  +000.64021             
 384 Point             +004.43482   +022.38763  +000.63816             
 385 Point             +006.38480   +022.38743  +000.63950             
 386 Point             +008.33484   +022.38759  +000.64358             
 387 Point             +010.28479   +022.38767  +000.65022             
 388 Point             +012.23469   +022.38747  +000.65149             
 389 Point             +014.18469   +022.38773  +000.64815             
 390 Point             +016.13467   +022.38733  +000.64739             
 391 Point             +018.08475   +022.38804  +000.65146             
 392 Point             +020.03487   +022.38733  +000.65518             
 393 Datum Origin      +000.00000   +000.00000  +000.00000              25       
 394 Line              +006.78678   -000.02529  +000.00312  -000.21353  25 30    
 395 Datum Axis                     -000.20761                          394      
 396 Datum Origin      +004.59422   +000.92078                          25       
 397 Datum Origin                               +000.00000              122      
 398 Point             +000.53149   +003.38725  +000.17765             
 399 Point             +002.48151   +003.38716  +000.18116             
 400 Point             +004.43151   +003.38706  +000.18127             
 401 Point             +006.38134   +003.38709  +000.18127             
 402 Point             +008.33150   +003.38717  +000.18198             
 403 Point             +010.28158   +003.38706  +000.18379             
 404 Point             +012.23166   +003.38704  +000.18540             
 405 Point             +014.18109   +003.38689  +000.18401             
 406 Point             +016.13149   +003.38663  +000.18341             
 407 Point             +018.08144   +003.38674  +000.18412             
 408 Point             +020.03121   +003.38660  +000.18283             
 409 Point             +000.53195   +005.28702  +000.31582             
 410 Point             +002.48136   +005.28723  +000.31783             
 411 Point             +004.43170   +005.28711  +000.31854             
 412 Point             +006.38173   +005.28702  +000.31895             
 413 Point             +008.33070   +005.28686  +000.31865             
 414 Point             +010.28182   +005.28685  +000.31996             
 415 Point             +012.23140   +005.28685  +000.32107             
 416 Point             +014.18188   +005.28720  +000.32008             
 417 Point             +016.13165   +005.28694  +000.32009             
 418 Point             +018.08225   +005.28667  +000.32069             
 419 Point             +020.03141   +005.28677  +000.31860             
 420 Point             +000.53172   +007.18681  +000.43720             
 421 Point             +002.48214   +007.18724  +000.44170             
 422 Point             +004.43182   +007.18728  +000.44331             
 423 Point             +006.38186   +007.18704  +000.44462             
 424 Point             +008.33201   +007.18700  +000.44363             
 425 Point             +010.28154   +007.18684  +000.44443             
 426 Point             +012.23184   +007.18699  +000.44414             
 427 Point             +014.18194   +007.18683  +000.44345             
 428 Point             +016.13186   +007.18684  +000.44466             
 429 Point             +018.08216   +007.18664  +000.44667             
 430 Point             +020.03192   +007.18662  +000.44647             
 431 Point             +000.53182   +009.08709  +000.53607             
 432 Point             +002.48216   +009.08709  +000.54168             
 433 Point             +004.43193   +009.08715  +000.54308             
 434 Point             +006.38196   +009.08703  +000.54299             
 435 Point             +008.33203   +009.08689  +000.54280             
 436 Point             +010.28154   +009.08690  +000.54201             
 437 Point             +012.23171   +009.08671  +000.54131             
 438 Point             +014.18186   +009.08658  +000.54322             
 439 Point             +016.13183   +009.08664  +000.54583             
 440 Point             +018.08278   +009.08683  +000.54944             
 441 Point             +020.03192   +009.08691  +000.55064             
 442 Point             +000.53222   +010.98641  +000.61224             
 443 Point             +002.48266   +010.98697  +000.63145             
 444 Point             +004.43248   +010.98674  +000.62096             
 445 Point             +006.38206   +010.98673  +000.62046             
 446 Point             +008.33192   +010.98671  +000.61967             
 447 Point             +010.27879   +010.98652  +000.61848             
 448 Point             +012.23179   +010.98658  +000.61849             
 449 Point             +014.18206   +010.98665  +000.62229             
 450 Point             +016.13163   +010.98651  +000.62630             
 451 Point             +018.08200   +010.98647  +000.62971             
 452 Point             +020.03212   +010.98661  +000.62961             
 453 Point             +000.53231   +012.88709  +000.67752             
 454 Point             +002.48271   +012.88690  +000.67752             
 455 Point             +004.43195   +012.88679  +000.67933             
 456 Point             +006.38210   +012.88670  +000.67944             
 457 Point             +008.33228   +012.88666  +000.67954             
 458 Point             +010.28183   +012.88652  +000.68005             
 459 Point             +012.23220   +012.88666  +000.68296             
 460 Point             +014.18222   +012.88647  +000.68527             
 461 Point             +016.13193   +012.88644  +000.69107             
 462 Point             +018.08251   +012.88645  +000.69108             
 463 Point             +020.03181   +012.88683  +000.69089             
 464 Point             +000.53244   +014.78661  +000.71309             
 465 Point             +002.48149   +014.78707  +000.71360             
 466 Point             +004.43154   +014.78686  +000.71430             
 467 Point             +006.38236   +014.78700  +000.71671             
 468 Point             +008.33226   +014.78698  +000.71592             
 469 Point             +010.28241   +014.78709  +000.71642             
 470 Point             +012.23246   +014.78661  +000.71923             
 471 Point             +014.18160   +014.78664  +000.72214             
 472 Point             +016.13214   +014.78651  +000.72484             
 473 Point             +018.08242   +014.78647  +000.72665             
 474 Point             +020.03192   +014.78663  +000.72546             
 475 Point             +000.53229   +016.68663  +000.72686             
 476 Point             +002.48212   +016.68699  +000.72427             
 477 Point             +004.43185   +016.68698  +000.72328             
 478 Point             +006.38213   +016.68689  +000.72238             
 479 Point             +008.33217   +016.68697  +000.72369             
 480 Point             +010.28217   +016.68683  +000.72270             
 481 Point             +012.23259   +016.68685  +000.72590             
 482 Point             +014.18191   +016.68671  +000.72871             
 483 Point             +016.13231   +016.68657  +000.73132             
 484 Point             +018.08118   +016.68679  +000.73252             
 485 Point             +020.03236   +016.68652  +000.73043             
 486 Point             +000.53248   +018.58675  +000.70783             
 487 Point             +002.48315   +018.58709  +000.70884             
 488 Point             +004.43185   +018.58715  +000.70805             
 489 Point             +006.38223   +018.58673  +000.70595             
 490 Point             +008.33221   +018.58674  +000.70336             
 491 Point             +010.28231   +018.58673  +000.70417             
 492 Point             +012.23186   +018.58674  +000.70677             
 493 Point             +014.18200   +018.58670  +000.71008             
 494 Point             +016.13169   +018.58637  +000.71308             
 495 Point             +018.08252   +018.58653  +000.71369             
 496 Point             +020.03155   +018.58656  +000.71020             
 497 Point             +000.53194   +020.48673  +000.67780             
 498 Point             +002.48194   +020.48697  +000.67910             
 499 Point             +004.43217   +020.48685  +000.67741             
 500 Point             +006.38182   +020.48671  +000.67402             
 501 Point             +008.33193   +020.48672  +000.67142             
 502 Point             +010.28215   +020.48655  +000.67063             
 503 Point             +012.23245   +020.48669  +000.67243             
 504 Point             +014.18249   +020.48666  +000.67614             
 505 Point             +016.13206   +020.48665  +000.67984             
 506 Point             +018.08201   +020.48636  +000.67995             
 507 Point             +020.03205   +020.48647  +000.67446             
 508 Point             +000.53219   +022.38682  +000.65056             
 509 Point             +002.48200   +022.38707  +000.65027             
 510 Point             +004.43197   +022.38710  +000.63917             
 511 Point             +006.38258   +022.38668  +000.63298             
 512 Point             +008.33208   +022.38684  +000.62978             
 513 Point             +010.28201   +022.38662  +000.62929             
 514 Point             +012.23002   +022.38681  +000.62919             
 515 Point             +014.18202   +022.38675  +000.63400             
 516 Point             +016.13202   +022.38662  +000.63881             
 517 Point             +018.08187   +022.38670  +000.63781             
 518 Point             +020.03211   +022.38676  +000.63082             
 519 Datum Origin      +000.00000   +000.00000  +000.00000              35       
 520 Line              +006.78706   -000.02389  -000.00756  -000.20170  35 40    
 521 Datum Axis                     -000.20761                          520      
 522 Datum Origin      +004.59422   +000.92078                          35       
 523 Datum Origin                               +000.00000              124      
 524 Point             +000.53163   +003.38743  +000.16095             
 525 Point             +002.48161   +003.38712  +000.16345             
 526 Point             +004.43137   +003.38720  +000.16316             
 527 Point             +006.38158   +003.38690  +000.16155             
 528 Point             +008.33115   +003.38693  +000.16032             
 529 Point             +010.28148   +003.38680  +000.16150             
 530 Point             +012.23081   +003.38695  +000.16217             
 531 Point             +014.18180   +003.38694  +000.16125             
 532 Point             +016.13118   +003.38686  +000.16222             
 533 Point             +018.08138   +003.38682  +000.15569             
 534 Point             +020.03150   +003.38690  +000.14097             
 535 Point             +000.53166   +005.28701  +000.29662             
 536 Point             +002.48156   +005.28706  +000.29592             
 537 Point             +004.43147   +005.28695  +000.29513             
 538 Point             +006.38142   +005.28711  +000.29742             
 539 Point             +008.33198   +005.28672  +000.29849             
 540 Point             +010.28165   +005.28677  +000.29557             
 541 Point             +012.23159   +005.28674  +000.29314             
 542 Point             +014.18263   +005.28691  +000.29292             
 543 Point             +016.13169   +005.28680  +000.29509             
 544 Point             +018.08185   +005.28685  +000.29296             
 545 Point             +020.03226   +005.28695  +000.28044             
 546 Point             +000.53188   +007.18681  +000.43009             
 547 Point             +002.48172   +007.18721  +000.42699             
 548 Point             +004.43185   +007.18697  +000.42510             
 549 Point             +006.38216   +007.18685  +000.42919             
 550 Point             +008.33169   +007.18689  +000.42926             
 551 Point             +010.28196   +007.18675  +000.42284             
 552 Point             +012.22899   +007.18680  +000.42001             
 553 Point             +014.18177   +007.18669  +000.41638             
 554 Point             +016.13170   +007.18672  +000.41896             
 555 Point             +018.08177   +007.18683  +000.41893             
 556 Point             +020.02815   +007.18683  +000.40730             
 557 Point             +000.53227   +009.08666  +000.53146             
 558 Point             +002.48185   +009.08721  +000.53197             
 559 Point             +004.43240   +009.08709  +000.53107             
 560 Point             +006.38224   +009.08687  +000.53396             
 561 Point             +008.33172   +009.08664  +000.53333             
 562 Point             +010.28203   +009.08678  +000.52431             
 563 Point             +012.23210   +009.08660  +000.52098             
 564 Point             +014.18151   +009.08697  +000.51855             
 565 Point             +016.13207   +009.08682  +000.52223             
 566 Point             +018.08150   +009.08676  +000.52580             
 567 Point             +020.03302   +009.08656  +000.50717             
 568 Point             +000.53220   +010.98661  +000.61123             
 569 Point             +002.48136   +010.98666  +000.61004             
 570 Point             +004.43215   +010.98671  +000.60844             
 571 Point             +006.38229   +010.98662  +000.61293             
 572 Point             +008.33165   +010.98655  +000.61160             
 573 Point             +010.28221   +010.98648  +000.60498             
 574 Point             +012.23187   +010.98659  +000.60025             
 575 Point             +014.18171   +010.98640  +000.59732             
 576 Point             +016.13158   +010.98649  +000.60170             
 577 Point             +018.08205   +010.98640  +000.60087             
 578 Point             +020.03161   +010.98650  +000.58684             
 579 Point             +000.53210   +012.88678  +000.67530             
 580 Point             +002.48233   +012.88676  +000.67611             
 581 Point             +004.43218   +012.88664  +000.67421             
 582 Point             +006.38222   +012.88652  +000.67350             
 583 Point             +008.33193   +012.88670  +000.67167             
 584 Point             +010.28202   +012.88628  +000.66715             
 585 Point             +012.23183   +012.88644  +000.66282             
 586 Point             +014.18221   +012.88655  +000.66029             
 587 Point             +016.13201   +012.88644  +000.66126             
 588 Point             +018.08177   +012.88645  +000.65944             
 589 Point             +020.03201   +012.88633  +000.65061             
 590 Point             +000.53223   +014.78659  +000.71307             
 591 Point             +002.48241   +014.78668  +000.71378             
 592 Point             +004.43228   +014.78681  +000.71128             
 593 Point             +006.38183   +014.78644  +000.70887             
 594 Point             +008.33244   +014.78662  +000.70704             
 595 Point             +010.28224   +014.78661  +000.70662             
 596 Point             +012.23295   +014.78635  +000.70419             
 597 Point             +014.18153   +014.78631  +000.71206             
 598 Point             +016.13167   +014.78615  +000.70923             
 599 Point             +018.08237   +014.78649  +000.70821             
 600 Point             +020.03181   +014.78644  +000.70438             
 601 Point             +000.53229   +016.68689  +000.72434             
 602 Point             +002.48183   +016.68693  +000.72385             
 603 Point             +004.43191   +016.68711  +000.72205             
 604 Point             +006.38216   +016.68671  +000.71994             
 605 Point             +008.33236   +016.68692  +000.71901             
 606 Point             +010.28196   +016.68654  +000.72019             
 607 Point             +012.23156   +016.68655  +000.71966             
 608 Point             +014.18149   +016.68669  +000.71883             
 609 Point             +016.13210   +016.68660  +000.71920             
 610 Point             +018.08187   +016.68636  +000.71918             
 611 Point             +020.03170   +016.68645  +000.71845             
 612 Point             +000.53278   +018.58651  +000.69831             
 613 Point             +002.48235   +018.58697  +000.69952             
 614 Point             +004.43218   +018.58688  +000.69792             
 615 Point             +006.38202   +018.58655  +000.69721             
 616 Point             +008.33182   +018.58637  +000.69858             
 617 Point             +010.28240   +018.58666  +000.70035             
 618 Point             +012.23185   +018.58622  +000.70072             
 619 Point             +014.18198   +018.58623  +000.70110             
 620 Point             +016.13088   +018.58647  +000.70227             
 621 Point             +018.08225   +018.58626  +000.70444             
 622 Point             +020.03208   +018.58637  +000.70401             
 623 Point             +000.53240   +020.48659  +000.66047             
 624 Point             +002.48185   +020.48697  +000.65978             
 625 Point             +004.43231   +020.48670  +000.65678             
 626 Point             +006.38299   +020.48673  +000.65927             
 627 Point             +008.33212   +020.48639  +000.65964             
 628 Point             +010.28240   +020.48669  +000.67051             
 629 Point             +012.23244   +020.48665  +000.66608             
 630 Point             +014.18202   +020.48636  +000.66496             
 631 Point             +016.13200   +020.48658  +000.66643             
 632 Point             +018.08229   +020.48642  +000.66930             
 633 Point             +020.03217   +020.48626  +000.66917             
 634 Point             +000.53226   +022.38659  +000.61393             
 635 Point             +002.48157   +022.38701  +000.61314             
 636 Point             +004.43199   +022.38706  +000.61134             
 637 Point             +006.38105   +022.38665  +000.61193             
 638 Point             +008.33233   +022.38659  +000.61650             
 639 Point             +010.28202   +022.38658  +000.62337             
 640 Point             +012.23003   +022.38645  +000.62684             
 641 Point             +014.18133   +022.38666  +000.62481             
 642 Point             +016.13235   +022.38640  +000.62079             
 643 Point             +018.08227   +022.38654  +000.62506             
 644 Point             +020.03240   +022.38643  +000.62713             
 645 Point             +004.23460   +003.41829  +124.10820             
 646 Datum Origin      +000.00000   +000.00000  +000.00000              25       
 647 Line              +006.78678   -000.02529  +000.00312  -000.21353  25 30    
 648 Datum Axis                     -000.20761                          647      
 649 Datum Origin      +004.59422   +000.92078                          25       
 650 Datum Origin                               +000.00000              122      
 651 Point             +000.53470   +003.38872  +000.19220             
 652 Point             +002.48466   +003.38810  +000.19470             
 653 Point             +004.43471   +003.38769  +000.19463             
 654 Point             +006.38456   +003.38751  +000.19472             
 655 Point             +008.33461   +003.38774  +000.19541             
 656 Point             +010.28462   +003.38760  +000.19711             
 657 Point             +012.23461   +003.38784  +000.19862             
 658 Point             +014.18468   +003.38747  +000.19790             
 659 Point             +016.13459   +003.38766  +000.19690             
 660 Point             +018.08479   +003.38773  +000.19841             
 661 Point             +020.03460   +003.38588  +000.19677             
 662 Point             +000.53463   +005.28838  +000.32694             
 663 Point             +002.48467   +005.28700  +000.32916             
 664 Point             +004.43470   +005.28820  +000.33169             
 665 Point             +006.38462   +005.28749  +000.33192             
 666 Point             +008.33464   +005.28741  +000.33140             
 667 Point             +010.28464   +005.28764  +000.33221             
 668 Point             +012.23464   +005.28738  +000.33345             
 669 Point             +014.18461   +005.28737  +000.33328             
 670 Point             +016.13467   +005.28737  +000.33302             
 671 Point             +018.08471   +005.28789  +000.33382             
 672 Point             +020.03462   +005.28752  +000.33189             
 673 Point             +000.53481   +007.18786  +000.44545             
 674 Point             +002.48463   +007.18771  +000.45147             
 675 Point             +004.43467   +007.18758  +000.45392             
 676 Point             +006.38471   +007.18759  +000.45531             
 677 Point             +008.33463   +007.18733  +000.45398             
 678 Point             +010.28462   +007.18759  +000.45509             
 679 Point             +012.23460   +007.18737  +000.45465             
 680 Point             +014.18473   +007.18766  +000.45385             
 681 Point             +016.13471   +007.18736  +000.45445             
 682 Point             +018.08471   +007.18778  +000.45697             
 683 Point             +020.03456   +007.18736  +000.45738             
 684 Point             +000.53467   +009.08805  +000.54176             
 685 Point             +002.48462   +009.08769  +000.54874             
 686 Point             +004.43464   +009.08756  +000.55118             
 687 Point             +006.38469   +009.08744  +000.55114             
 688 Point             +008.33471   +009.08754  +000.55142             
 689 Point             +010.28466   +009.08755  +000.55107             
 690 Point             +012.23464   +009.08763  +000.55055             
 691 Point             +014.18462   +009.08762  +000.55150             
 692 Point             +016.13461   +009.08779  +000.55412             
 693 Point             +018.08462   +009.08763  +000.55791             
 694 Point             +020.03454   +009.08753  +000.55908             
 695 Point             +000.53450   +010.98869  +000.61980             
 696 Point             +002.48458   +010.98773  +000.62748             
 697 Point             +004.43466   +010.98762  +000.62982             
 698 Point             +006.38458   +010.98741  +000.63047             
 699 Point             +008.33457   +010.98770  +000.62818             
 700 Point             +010.28462   +010.98737  +000.62763             
 701 Point             +012.23470   +010.98819  +000.62755             
 702 Point             +014.18460   +010.98763  +000.63068             
 703 Point             +016.13452   +010.98731  +000.63516             
 704 Point             +018.08460   +010.98820  +000.63822             
 705 Point             +020.03461   +010.98730  +000.63870             
 706 Point             +000.53466   +012.88867  +000.68630             
 707 Point             +002.48462   +012.88767  +000.69284             
 708 Point             +004.43474   +012.88747  +000.69456             
 709 Point             +006.38459   +012.88746  +000.69565             
 710 Point             +008.33470   +012.88736  +000.69440             
 711 Point             +010.28467   +012.88782  +000.69498             
 712 Point             +012.23473   +012.88750  +000.69608             
 713 Point             +014.18458   +012.88767  +000.69905             
 714 Point             +016.13461   +012.88758  +000.70467             
 715 Point             +018.08471   +012.88784  +000.70776             
 716 Point             +020.03466   +012.88755  +000.70855             
 717 Point             +000.53456   +014.78850  +000.73676             
 718 Point             +002.48475   +014.78760  +000.73900             
 719 Point             +004.43478   +014.78759  +000.74022             
 720 Point             +006.38463   +014.78739  +000.74075             
 721 Point             +008.33477   +014.78762  +000.74141             
 722 Point             +010.28462   +014.78738  +000.74336             
 723 Point             +012.23476   +014.78800  +000.74605             
 724 Point             +014.18464   +014.78739  +000.74840             
 725 Point             +016.13454   +014.78768  +000.75171             
 726 Point             +018.08464   +014.78756  +000.75378             
 727 Point             +020.03469   +014.78786  +000.75303             
 728 Point             +000.53460   +016.68841  +000.75544             
 729 Point             +002.48479   +016.68772  +000.75445             
 730 Point             +004.43471   +016.68760  +000.75409             
 731 Point             +006.38477   +016.68739  +000.75307             
 732 Point             +008.33468   +016.68771  +000.75175             
 733 Point             +010.28473   +016.68748  +000.75273             
 734 Point             +012.23468   +016.68758  +000.75611             
 735 Point             +014.18461   +016.68747  +000.75885             
 736 Point             +016.13461   +016.68783  +000.76151             
 737 Point             +018.08462   +016.68739  +000.76344             
 738 Point             +020.03462   +016.68811  +000.76168             
 739 Point             +000.53501   +018.58776  +000.73667             
 740 Point             +002.48473   +018.58778  +000.73806             
 741 Point             +004.43473   +018.58754  +000.73731             
 742 Point             +006.38477   +018.58753  +000.73528             
 743 Point             +008.33471   +018.58725  +000.73229             
 744 Point             +010.28476   +018.58785  +000.73196             
 745 Point             +012.23466   +018.58738  +000.73404             
 746 Point             +014.18469   +018.58793  +000.73782             
 747 Point             +016.13463   +018.58735  +000.74138             
 748 Point             +018.08463   +018.58748  +000.74206             
 749 Point             +020.03454   +018.58784  +000.73864             
 750 Point             +000.53506   +020.48840  +000.70460             
 751 Point             +002.48467   +020.48754  +000.70627             
 752 Point             +004.43474   +020.48749  +000.70434             
 753 Point             +006.38476   +020.48732  +000.70057             
 754 Point             +008.33473   +020.48742  +000.69697             
 755 Point             +010.28464   +020.48730  +000.69635             
 756 Point             +012.23469   +020.48730  +000.69741             
 757 Point             +014.18466   +020.48747  +000.70113             
 758 Point             +016.13470   +020.48730  +000.70532             
 759 Point             +018.08456   +020.48751  +000.70620             
 760 Point             +020.03477   +020.48772  +000.70131             
 761 Point             +000.53483   +022.38825  +000.66871             
 762 Point             +002.48476   +022.38762  +000.66977             
 763 Point             +004.43476   +022.38748  +000.66529             
 764 Point             +006.38472   +022.38747  +000.65891             
 765 Point             +008.33476   +022.38746  +000.65486             
 766 Point             +010.28471   +022.38743  +000.65478             
 767 Point             +012.23483   +022.38742  +000.65394             
 768 Point             +014.18470   +022.38725  +000.65897             
 769 Point             +016.13460   +022.38742  +000.66494             
 770 Point             +018.08470   +022.38735  +000.66438             
 771 Point             +020.03471   +022.38725  +000.65773             
 772 Datum Origin      +000.00000   +000.00000  +000.00000              35       
 773 Line              +006.78706   -000.02389  -000.00756  -000.20170  35 40    
 774 Datum Axis                     -000.20761                          773      
 775 Datum Origin      +004.59422   +000.92078                          35       
 776 Datum Origin                               +000.00000              124      
 777 Point             +000.53488   +003.38815  +000.17009             
 778 Point             +002.48473   +003.38775  +000.17384             
 779 Point             +004.43470   +003.38756  +000.17426             
 780 Point             +006.38463   +003.38775  +000.17453             
 781 Point             +008.33459   +003.38756  +000.17382             
 782 Point             +010.28460   +003.38773  +000.17314             
 783 Point             +012.23466   +003.38769  +000.17219             
 784 Point             +014.18461   +003.38774  +000.17455             
 785 Point             +016.13461   +003.38764  +000.17667             
 786 Point             +018.08472   +003.38775  +000.17166             
 787 Point             +020.03466   +003.38602  +000.15739             
 788 Point             +000.53479   +005.28834  +000.31032             
 789 Point             +002.48470   +005.28695  +000.30930             
 790 Point             +004.43467   +005.28818  +000.30787             
 791 Point             +006.38470   +005.28739  +000.31042             
 792 Point             +008.33471   +005.28831  +000.31379             
 793 Point             +010.28472   +005.28737  +000.30903             
 794 Point             +012.23466   +005.28802  +000.30654             
 795 Point             +014.18469   +005.28747  +000.30554             
 796 Point             +016.13455   +005.28735  +000.30906             
 797 Point             +018.08475   +005.28804  +000.30417             
 798 Point             +020.03466   +005.28727  +000.29694             
 799 Point             +000.53472   +007.18835  +000.43580             
 800 Point             +002.48468   +007.18775  +000.43639             
 801 Point             +004.43473   +007.18765  +000.43396             
 802 Point             +006.38477   +007.18754  +000.43629             
 803 Point             +008.33472   +007.18782  +000.43908             
 804 Point             +010.28464   +007.18744  +000.43268             
 805 Point             +012.23479   +007.18772  +000.43024             
 806 Point             +014.18480   +007.18744  +000.42588             
 807 Point             +016.13472   +007.18777  +000.42915             
 808 Point             +018.08475   +007.18753  +000.43215             
 809 Point             +020.03469   +007.18779  +000.42185             
 810 Point             +000.53463   +009.08822  +000.53607             
 811 Point             +002.48458   +009.08773  +000.53726             
 812 Point             +004.43463   +009.08757  +000.53601             
 813 Point             +006.38469   +009.08803  +000.53783             
 814 Point             +008.33460   +009.08754  +000.53993             
 815 Point             +010.28461   +009.08771  +000.53252             
 816 Point             +012.23466   +009.08741  +000.52955             
 817 Point             +014.18472   +009.08830  +000.52585             
 818 Point             +016.13475   +009.08731  +000.52992             
 819 Point             +018.08469   +009.08839  +000.53172             
 820 Point             +020.03475   +009.08725  +000.52157             
 821 Point             +000.53456   +010.98869  +000.61606             
 822 Point             +002.48467   +010.98769  +000.61817             
 823 Point             +004.43478   +010.98758  +000.61569             
 824 Point             +006.38474   +010.98768  +000.62005             
 825 Point             +008.33469   +010.98799  +000.62214             
 826 Point             +010.28462   +010.98751  +000.61520             
 827 Point             +012.23460   +010.98775  +000.61196             
 828 Point             +014.18471   +010.98768  +000.60678             
 829 Point             +016.13456   +010.98779  +000.61191             
 830 Point             +018.08462   +010.98789  +000.61367             
 831 Point             +020.03459   +010.98754  +000.60099             
 832 Point             +000.53480   +012.88873  +000.68855             
 833 Point             +002.48474   +012.88774  +000.68950             
 834 Point             +004.43467   +012.88753  +000.68880             
 835 Point             +006.38477   +012.88753  +000.69040             
 836 Point             +008.33475   +012.88743  +000.68895             
 837 Point             +010.28459   +012.88779  +000.68295             
 838 Point             +012.23464   +012.88743  +000.67690             
 839 Point             +014.18481   +012.88786  +000.67414             
 840 Point             +016.13467   +012.88752  +000.67632             
 841 Point             +018.08462   +012.88792  +000.67650             
 842 Point             +020.03477   +012.88733  +000.66488             
 843 Point             +000.53468   +014.78859  +000.73926             
 844 Point             +002.48475   +014.78767  +000.74036             
 845 Point             +004.43466   +014.78766  +000.73784             
 846 Point             +006.38461   +014.78746  +000.73634             
 847 Point             +008.33461   +014.78787  +000.73457             
 848 Point             +010.28461   +014.78736  +000.73293             
 849 Point             +012.23463   +014.78820  +000.73100             
 850 Point             +014.18463   +014.78725  +000.72779             
 851 Point             +016.13454   +014.78775  +000.72730             
 852 Point             +018.08464   +014.78735  +000.72663             
 853 Point             +020.03465   +014.78764  +000.72186             
 854 Point             +000.53476   +016.68824  +000.74505             
 855 Point             +002.48466   +016.68769  +000.74777             
 856 Point             +004.43470   +016.68755  +000.74621             
 857 Point             +006.38467   +016.68761  +000.74417             
 858 Point             +008.33478   +016.68758  +000.74456             
 859 Point             +010.28469   +016.68762  +000.74584             
 860 Point             +012.23469   +016.68755  +000.74597             
 861 Point             +014.18470   +016.68761  +000.74527             
 862 Point             +016.13465   +016.68745  +000.74494             
 863 Point             +018.08470   +016.68750  +000.74601             
 864 Point             +020.03469   +016.68771  +000.74646             
 865 Point             +000.53480   +018.58793  +000.72076             
 866 Point             +002.48468   +018.58763  +000.72362             
 867 Point             +004.43476   +018.58762  +000.72210             
 868 Point             +006.38469   +018.58743  +000.72236             
 869 Point             +008.33476   +018.58776  +000.72399             
 870 Point             +010.28474   +018.58742  +000.72599             
 871 Point             +012.23477   +018.58781  +000.72693             
 872 Point             +014.18470   +018.58741  +000.72737             
 873 Point             +016.13475   +018.58778  +000.72910             
 874 Point             +018.08472   +018.58742  +000.73272             
 875 Point             +020.03461   +018.58758  +000.73235             
 876 Point             +000.53492   +020.48849  +000.68478             
 877 Point             +002.48476   +020.48759  +000.68474             
 878 Point             +004.43478   +020.48748  +000.68252             
 879 Point             +006.38481   +020.48748  +000.68349             
 880 Point             +008.33482   +020.48762  +000.68641             
 881 Point             +010.28481   +020.48747  +000.69055             
 882 Point             +012.23471   +020.48785  +000.69204             
 883 Point             +014.18473   +020.48728  +000.69177             
 884 Point             +016.13478   +020.48804  +000.69318             
 885 Point             +018.08473   +020.48738  +000.69715             
 886 Point             +020.03474   +020.48791  +000.69751             
 887 Point             +000.53501   +022.38783  +000.63873             
 888 Point             +002.48478   +022.38763  +000.63855             
 889 Point             +004.43481   +022.38753  +000.63626             
 890 Point             +006.38476   +022.38742  +000.63774             
 891 Point             +008.33476   +022.38777  +000.64203             
 892 Point             +010.28475   +022.38767  +000.64929             
 893 Point             +012.23465   +022.38733  +000.65008             
 894 Point             +014.18467   +022.38743  +000.64678             
 895 Point             +016.13477   +022.38768  +000.64592             
 896 Point             +018.08467   +022.38766  +000.65060             
 897 Point             +020.03467   +022.38734  +000.65427             
 898 Datum Origin      +000.00000   +000.00000  +000.00000              25       
 899 Line              +006.78678   -000.02529  +000.00312  -000.21353  25 30    
 900 Datum Axis                     -000.20761                          899      
 901 Datum Origin      +004.59422   +000.92078                          25       
 902 Datum Origin                               +000.00000              122      
 903 Point             +000.53179   +003.38775  +000.17665             
 904 Point             +002.48161   +003.38730  +000.17926             
 905 Point             +004.43117   +003.38720  +000.17977             
 906 Point             +006.38106   +003.38696  +000.17947             
 907 Point             +008.33112   +003.38717  +000.18028             
 908 Point             +010.28174   +003.38692  +000.18199             
 909 Point             +012.23142   +003.38716  +000.18370             
 910 Point             +014.18087   +003.38693  +000.18241             
 911 Point             +016.13184   +003.38687  +000.18151             
 912 Point             +018.08174   +003.38687  +000.18262             
 913 Point             +020.03125   +003.38684  +000.18093             
 914 Point             +000.53188   +005.28715  +000.31412             
 915 Point             +002.48180   +005.28723  +000.31573             
 916 Point             +004.43158   +005.28725  +000.31654             
 917 Point             +006.38147   +005.28712  +000.31705             
 918 Point             +008.33170   +005.28712  +000.31715             
 919 Point             +010.28166   +005.28685  +000.31826             
 920 Point             +012.23158   +005.28681  +000.31917             
 921 Point             +014.18245   +005.28679  +000.31838             
 922 Point             +016.13124   +005.28676  +000.31849             
 923 Point             +018.08172   +005.28678  +000.31869             
 924 Point             +020.03122   +005.28665  +000.31660             
 925 Point             +000.53197   +007.18699  +000.43540             
 926 Point             +002.48259   +007.18724  +000.43990             
 927 Point             +004.43216   +007.18701  +000.44131             
 928 Point             +006.38182   +007.18679  +000.44282             
 929 Point             +008.33224   +007.18688  +000.44163             
 930 Point             +010.28192   +007.18682  +000.44213             
 931 Point             +012.23172   +007.18687  +000.44174             
 932 Point             +014.18143   +007.18681  +000.44105             
 933 Point             +016.13214   +007.18667  +000.44286             
 934 Point             +018.08189   +007.18666  +000.44476             
 935 Point             +020.03179   +007.18664  +000.44447             
 936 Point             +000.53231   +009.08690  +000.53407             
 937 Point             +002.48218   +009.08711  +000.54018             
 938 Point             +004.43204   +009.08712  +000.54088             
 939 Point             +006.38221   +009.08676  +000.54119             
 940 Point             +008.33213   +009.08677  +000.54100             
 941 Point             +010.28191   +009.08687  +000.54001             
 942 Point             +012.23223   +009.08674  +000.53911             
 943 Point             +014.18167   +009.08651  +000.54102             
 944 Point             +016.13188   +009.08671  +000.54373             
 945 Point             +018.08181   +009.08641  +000.54704             
 946 Point             +020.03205   +009.08645  +000.54814             
 947 Point             +000.53257   +010.98658  +000.61014             
 948 Point             +002.48247   +010.98695  +000.61765             
 949 Point             +004.43206   +010.98660  +000.62306             
 950 Point             +006.38298   +010.98675  +000.62157             
 951 Point             +008.33167   +010.98671  +000.62017             
 952 Point             +010.28189   +010.98667  +000.61838             
 953 Point             +012.23274   +010.98658  +000.61779             
 954 Point             +014.18263   +010.98664  +000.62119             
 955 Point             +016.13232   +010.98668  +000.62580             
 956 Point             +018.08222   +010.98635  +000.62901             
 957 Point             +020.03051   +010.98624  +000.62871             
 958 Point             +000.53229   +012.88671  +000.67282             
 959 Point             +002.48216   +012.88692  +000.67522             
 960 Point             +004.43161   +012.88651  +000.67733             
 961 Point             +006.38261   +012.88679  +000.67744             
 962 Point             +008.33213   +012.88681  +000.67874             
 963 Point             +010.28191   +012.88637  +000.67805             
 964 Point             +012.23205   +012.88651  +000.68316             
 965 Point             +014.18222   +012.88647  +000.68497             
 966 Point             +016.13223   +012.88644  +000.68987             
 967 Point             +018.08241   +012.88645  +000.68938             
 968 Point             +020.03216   +012.88628  +000.68869             
 969 Point             +000.53242   +014.78660  +000.71109             
 970 Point             +002.48227   +014.78692  +000.71160             
 971 Point             +004.43209   +014.78695  +000.71190             
 972 Point             +006.38209   +014.78697  +000.71231             
 973 Point             +008.33222   +014.78683  +000.71342             
 974 Point             +010.28244   +014.78697  +000.71462             
 975 Point             +012.23186   +014.78670  +000.71703             
 976 Point             +014.18265   +014.78667  +000.71974             
 977 Point             +016.13242   +014.78658  +000.72274             
 978 Point             +018.08217   +014.78634  +000.72455             
 979 Point             +020.03220   +014.78658  +000.72316             
 980 Point             +000.53223   +016.68662  +000.72396             
 981 Point             +002.48155   +016.68699  +000.72167             
 982 Point             +004.43235   +016.68697  +000.72088             
 983 Point             +006.38238   +016.68701  +000.71998             
 984 Point             +008.33115   +016.68674  +000.72039             
 985 Point             +010.28210   +016.68683  +000.72030             
 986 Point             +012.23197   +016.68659  +000.72330             
 987 Point             +014.18222   +016.68643  +000.72621             
 988 Point             +016.13256   +016.68657  +000.72882             
 989 Point             +018.08224   +016.68651  +000.73012             
 990 Point             +020.03184   +016.68647  +000.72813             
 991 Point             +000.53219   +018.58674  +000.70533             
 992 Point             +002.48298   +018.58696  +000.70644             
 993 Point             +004.43208   +018.58687  +000.70565             
 994 Point             +006.38209   +018.58645  +000.70335             
 995 Point             +008.33202   +018.58676  +000.70096             
 996 Point             +010.28257   +018.58657  +000.70157             
 997 Point             +012.23209   +018.58656  +000.70407             
 998 Point             +014.18223   +018.58650  +000.70748             
 999 Point             +016.13235   +018.58639  +000.71058             
1000 Point             +018.08217   +018.58650  +000.71129             
1001 Point             +020.03193   +018.58621  +000.70750             
1002 Point             +000.53259   +020.48670  +000.67490             
1003 Point             +002.48247   +020.48709  +000.67650             
1004 Point             +004.43224   +020.48700  +000.67471             
1005 Point             +006.38198   +020.48671  +000.67172             
1006 Point             +008.32956   +020.48656  +000.66902             
1007 Point             +010.28181   +020.48658  +000.66813             
1008 Point             +012.23196   +020.48656  +000.66923             
1009 Point             +014.18172   +020.48665  +000.67314             
1010 Point             +016.13239   +020.48669  +000.67705             
1011 Point             +018.08244   +020.48663  +000.67745             
1012 Point             +020.03210   +020.48634  +000.67186             
1013 Point             +000.53244   +022.38691  +000.64016             
1014 Point             +002.48237   +022.38717  +000.64867             
1015 Point             +004.43187   +022.38709  +000.63667             
1016 Point             +006.38129   +022.38668  +000.63098             
1017 Point             +008.33241   +022.38683  +000.62728             
1018 Point             +010.28266   +022.38665  +000.62649             
1019 Point             +012.23194   +022.38661  +000.62629             
1020 Point             +014.18270   +022.38677  +000.63090             
1021 Point             +016.13195   +022.38662  +000.63601             
1022 Point             +018.08205   +022.38663  +000.63511             
1023 Point             +020.03219   +022.38656  +000.62812             
1024 Datum Origin      +000.00000   +000.00000  +000.00000              35       
1025 Line              +006.78706   -000.02389  -000.00756  -000.20170  35 40    
1026 Datum Axis                     -000.20761                          1025     
1027 Datum Origin      +004.59422   +000.92078                          35       
1028 Datum Origin                               +000.00000              124      
1029 Point             +000.53161   +003.38745  +000.15825             
1030 Point             +002.48137   +003.38700  +000.15985             
1031 Point             +004.43090   +003.38708  +000.16096             
1032 Point             +006.38148   +003.38688  +000.15935             
1033 Point             +008.33175   +003.38693  +000.15792             
1034 Point             +010.28135   +003.38692  +000.15820             
1035 Point             +012.23144   +003.38667  +000.15657             
1036 Point             +014.18153   +003.38682  +000.15885             
1037 Point             +016.13172   +003.38683  +000.15962             
1038 Point             +018.08184   +003.38672  +000.15319             
1039 Point             +020.03150   +003.38689  +000.13827             
1040 Point             +000.53157   +005.28705  +000.29352             
1041 Point             +002.48177   +005.28718  +000.29342             
1042 Point             +004.43129   +005.28721  +000.29263             
1043 Point             +006.38151   +005.28711  +000.29452             
1044 Point             +008.33271   +005.28674  +000.29549             
1045 Point             +010.28107   +005.28677  +000.29307             
1046 Point             +012.23170   +005.28678  +000.29094             
1047 Point             +014.18159   +005.28667  +000.28992             
1048 Point             +016.13266   +005.28664  +000.29249             
1049 Point             +018.08218   +005.28685  +000.28966             
1050 Point             +020.03118   +005.28669  +000.27764             
1051 Point             +000.53191   +007.18681  +000.42789             
1052 Point             +002.48184   +007.18719  +000.42420             
1053 Point             +004.43161   +007.18685  +000.42230             
1054 Point             +006.38216   +007.18699  +000.42609             
1055 Point             +008.32936   +007.18688  +000.42626             
1056 Point             +010.28191   +007.18679  +000.42014             
1057 Point             +012.23180   +007.18632  +000.41771             
1058 Point             +014.18178   +007.18649  +000.41348             
1059 Point             +016.13203   +007.18663  +000.41616             
1060 Point             +018.08217   +007.18673  +000.41613             
1061 Point             +020.03180   +007.18661  +000.40491             
1062 Point             +000.53180   +009.08676  +000.52846             
1063 Point             +002.48107   +009.08720  +000.52936             
1064 Point             +004.43187   +009.08696  +000.52827             
1065 Point             +006.38175   +009.08677  +000.53116             
1066 Point             +008.33200   +009.08676  +000.53043             
1067 Point             +010.28194   +009.08681  +000.52171             
1068 Point             +012.23202   +009.08652  +000.51838             
1069 Point             +014.18196   +009.08658  +000.51565             
1070 Point             +016.13136   +009.08669  +000.51923             
1071 Point             +018.08202   +009.08673  +000.52470             
1072 Point             +020.03228   +009.08670  +000.50487             
1073 Point             +000.53191   +010.98664  +000.60853             
1074 Point             +002.48191   +010.98690  +000.60654             
1075 Point             +004.43194   +010.98658  +000.60584             
1076 Point             +006.38182   +010.98689  +000.61013             
1077 Point             +008.33198   +010.98658  +000.60880             
1078 Point             +010.28261   +010.98626  +000.60178             
1079 Point             +012.23192   +010.98654  +000.59775             
1080 Point             +014.18184   +010.98655  +000.59442             
1081 Point             +016.13302   +010.98669  +000.59900             
1082 Point             +018.08230   +010.98653  +000.59827             
1083 Point             +020.03235   +010.98657  +000.58414             
1084 Point             +000.53203   +012.88655  +000.67230             
1085 Point             +002.48199   +012.88673  +000.67241             
1086 Point             +004.43204   +012.88651  +000.67101             
1087 Point             +006.38196   +012.88636  +000.67050             
1088 Point             +008.33049   +012.88670  +000.66787             
1089 Point             +010.28249   +012.88661  +000.66435             
1090 Point             +012.23216   +012.88641  +000.65962             
1091 Point             +014.18142   +012.88647  +000.65679             
1092 Point             +016.13232   +012.88644  +000.65807             
1093 Point             +018.08212   +012.88635  +000.65744             
1094 Point             +020.03216   +012.88680  +000.64771             
1095 Point             +000.53209   +014.78667  +000.70927             
1096 Point             +002.48221   +014.78683  +000.71028             
1097 Point             +004.43209   +014.78641  +000.70798             
1098 Point             +006.38229   +014.78653  +000.70557             
1099 Point             +008.33199   +014.78647  +000.70374             
1100 Point             +010.28210   +014.78633  +000.70292             
1101 Point             +012.23208   +014.78667  +000.70119             
1102 Point             +014.18071   +014.78635  +000.69896             
1103 Point             +016.13184   +014.78614  +000.69803             
1104 Point             +018.08278   +014.78621  +000.70591             
1105 Point             +020.03227   +014.78641  +000.69448             
1106 Point             +000.53212   +016.68661  +000.71604             
1107 Point             +002.48187   +016.68684  +000.71455             
1108 Point             +004.43193   +016.68660  +000.71325             
1109 Point             +006.38182   +016.68633  +000.71154             
1110 Point             +008.33183   +016.68639  +000.71061             
1111 Point             +010.28080   +016.68653  +000.71188             
1112 Point             +012.23220   +016.68637  +000.71196             
1113 Point             +014.18206   +016.68630  +000.71123             
1114 Point             +016.13229   +016.68644  +000.71090             
1115 Point             +018.08196   +016.68608  +000.71208             
1116 Point             +020.03139   +016.68609  +000.71135             
1117 Point             +000.53172   +018.58670  +000.69101             
1118 Point             +002.48217   +018.58708  +000.69242             
1119 Point             +004.43224   +018.58659  +000.69112             
1120 Point             +006.38226   +018.58647  +000.69051             
1121 Point             +008.33211   +018.58658  +000.69168             
1122 Point             +010.28226   +018.58650  +000.69375             
1123 Point             +012.23216   +018.58634  +000.69422             
1124 Point             +014.18206   +018.58658  +000.69470             
1125 Point             +016.12859   +018.58636  +000.69737             
1126 Point             +018.08201   +018.58648  +000.69844             
1127 Point             +020.03191   +018.58647  +000.69841             
1128 Point             +000.53242   +020.48659  +000.65957             
1129 Point             +002.48181   +020.48708  +000.65488             
1130 Point             +004.43221   +020.48684  +000.65288             
1131 Point             +006.38233   +020.48657  +000.65357             
1132 Point             +008.33218   +020.48674  +000.65614             
1133 Point             +010.28180   +020.48668  +000.66011             
1134 Point             +012.23197   +020.48647  +000.66228             
1135 Point             +014.18188   +020.48638  +000.66116             
1136 Point             +016.13240   +020.48640  +000.66243             
1137 Point             +018.08180   +020.48629  +000.66580             
1138 Point             +020.03205   +020.48643  +000.66557             
1139 Point             +000.53234   +022.38674  +000.61033             
1140 Point             +002.48177   +022.38715  +000.60984             
1141 Point             +004.43200   +022.38718  +000.60804             
1142 Point             +006.38216   +022.38667  +000.60873             
1143 Point             +008.33233   +022.38686  +000.61320             
1144 Point             +010.28208   +022.38658  +000.61947             
1145 Point             +012.23217   +022.38645  +000.62334             
1146 Point             +014.18178   +022.38668  +000.61811             
1147 Point             +016.13080   +022.38664  +000.61739             
1148 Point             +018.08184   +022.38673  +000.62176             
1149 Point             +020.03113   +022.38658  +000.62433             
1150 Point             +004.23470   +003.41739  +124.10800             
