+000.53179   +003.38775  +000.17665             
+002.48161   +003.38730  +000.17926             
+004.43117   +003.38720  +000.17977             
+006.38106   +003.38696  +000.17947             
+008.33112   +003.38717  +000.18028             
+010.28174   +003.38692  +000.18199             
+012.23142   +003.38716  +000.18370             
+014.18087   +003.38693  +000.18241             
+016.13184   +003.38687  +000.18151             
+018.08174   +003.38687  +000.18262             
+020.03125   +003.38684  +000.18093             
+000.53188   +005.28715  +000.31412             
+002.48180   +005.28723  +000.31573             
+004.43158   +005.28725  +000.31654             
+006.38147   +005.28712  +000.31705             
+008.33170   +005.28712  +000.31715             
+010.28166   +005.28685  +000.31826             
+012.23158   +005.28681  +000.31917             
+014.18245   +005.28679  +000.31838             
+016.13124   +005.28676  +000.31849             
+018.08172   +005.28678  +000.31869             
+020.03122   +005.28665  +000.31660             
+000.53197   +007.18699  +000.43540             
+002.48259   +007.18724  +000.43990             
+004.43216   +007.18701  +000.44131             
+006.38182   +007.18679  +000.44282             
+008.33224   +007.18688  +000.44163             
+010.28192   +007.18682  +000.44213             
+012.23172   +007.18687  +000.44174             
+014.18143   +007.18681  +000.44105             
+016.13214   +007.18667  +000.44286             
+018.08189   +007.18666  +000.44476             
+020.03179   +007.18664  +000.44447             
+000.53231   +009.08690  +000.53407             
+002.48218   +009.08711  +000.54018             
+004.43204   +009.08712  +000.54088             
+006.38221   +009.08676  +000.54119             
+008.33213   +009.08677  +000.54100             
+010.28191   +009.08687  +000.54001             
+012.23223   +009.08674  +000.53911             
+014.18167   +009.08651  +000.54102             
+016.13188   +009.08671  +000.54373             
+018.08181   +009.08641  +000.54704             
+020.03205   +009.08645  +000.54814             
+000.53257   +010.98658  +000.61014             
+002.48247   +010.98695  +000.61765             
+004.43206   +010.98660  +000.62306             
+006.38298   +010.98675  +000.62157             
+008.33167   +010.98671  +000.62017             
+010.28189   +010.98667  +000.61838             
+012.23274   +010.98658  +000.61779             
+014.18263   +010.98664  +000.62119             
+016.13232   +010.98668  +000.62580             
+018.08222   +010.98635  +000.62901             
+020.03051   +010.98624  +000.62871             
+000.53229   +012.88671  +000.67282             
+002.48216   +012.88692  +000.67522             
+004.43161   +012.88651  +000.67733             
+006.38261   +012.88679  +000.67744             
+008.33213   +012.88681  +000.67874             
+010.28191   +012.88637  +000.67805             
+012.23205   +012.88651  +000.68316             
+014.18222   +012.88647  +000.68497             
+016.13223   +012.88644  +000.68987             
+018.08241   +012.88645  +000.68938             
+020.03216   +012.88628  +000.68869             
+000.53242   +014.78660  +000.71109             
+002.48227   +014.78692  +000.71160             
+004.43209   +014.78695  +000.71190             
+006.38209   +014.78697  +000.71231             
+008.33222   +014.78683  +000.71342             
+010.28244   +014.78697  +000.71462             
+012.23186   +014.78670  +000.71703             
+014.18265   +014.78667  +000.71974             
+016.13242   +014.78658  +000.72274             
+018.08217   +014.78634  +000.72455             
+020.03220   +014.78658  +000.72316             
+000.53223   +016.68662  +000.72396             
+002.48155   +016.68699  +000.72167             
+004.43235   +016.68697  +000.72088             
+006.38238   +016.68701  +000.71998             
+008.33115   +016.68674  +000.72039             
+010.28210   +016.68683  +000.72030             
+012.23197   +016.68659  +000.72330             
+014.18222   +016.68643  +000.72621             
+016.13256   +016.68657  +000.72882             
+018.08224   +016.68651  +000.73012             
+020.03184   +016.68647  +000.72813             
+000.53219   +018.58674  +000.70533             
+002.48298   +018.58696  +000.70644             
+004.43208   +018.58687  +000.70565             
+006.38209   +018.58645  +000.70335             
+008.33202   +018.58676  +000.70096             
+010.28257   +018.58657  +000.70157             
+012.23209   +018.58656  +000.70407             
+014.18223   +018.58650  +000.70748             
+016.13235   +018.58639  +000.71058             
+018.08217   +018.58650  +000.71129             
+020.03193   +018.58621  +000.70750             
+000.53259   +020.48670  +000.67490             
+002.48247   +020.48709  +000.67650             
+004.43224   +020.48700  +000.67471             
+006.38198   +020.48671  +000.67172             
+008.32956   +020.48656  +000.66902             
+010.28181   +020.48658  +000.66813             
+012.23196   +020.48656  +000.66923             
+014.18172   +020.48665  +000.67314             
+016.13239   +020.48669  +000.67705             
+018.08244   +020.48663  +000.67745             
+020.03210   +020.48634  +000.67186             
+000.53244   +022.38691  +000.64016             
+002.48237   +022.38717  +000.64867             
+004.43187   +022.38709  +000.63667             
+006.38129   +022.38668  +000.63098             
+008.33241   +022.38683  +000.62728             
+010.28266   +022.38665  +000.62649             
+012.23194   +022.38661  +000.62629             
+014.18270   +022.38677  +000.63090             
+016.13195   +022.38662  +000.63601             
+018.08205   +022.38663  +000.63511             
+020.03219   +022.38656  +000.62812             
+000.53161   +003.38745  +000.15825             
+002.48137   +003.38700  +000.15985             
+004.43090   +003.38708  +000.16096             
+006.38148   +003.38688  +000.15935             
+008.33175   +003.38693  +000.15792             
+010.28135   +003.38692  +000.15820             
+012.23144   +003.38667  +000.15657             
+014.18153   +003.38682  +000.15885             
+016.13172   +003.38683  +000.15962             
+018.08184   +003.38672  +000.15319             
+020.03150   +003.38689  +000.13827             
+000.53157   +005.28705  +000.29352             
+002.48177   +005.28718  +000.29342             
+004.43129   +005.28721  +000.29263             
+006.38151   +005.28711  +000.29452             
+008.33271   +005.28674  +000.29549             
+010.28107   +005.28677  +000.29307             
+012.23170   +005.28678  +000.29094             
+014.18159   +005.28667  +000.28992             
+016.13266   +005.28664  +000.29249             
+018.08218   +005.28685  +000.28966             
+020.03118   +005.28669  +000.27764             
+000.53191   +007.18681  +000.42789             
+002.48184   +007.18719  +000.42420             
+004.43161   +007.18685  +000.42230             
+006.38216   +007.18699  +000.42609             
+008.32936   +007.18688  +000.42626             
+010.28191   +007.18679  +000.42014             
+012.23180   +007.18632  +000.41771             
+014.18178   +007.18649  +000.41348             
+016.13203   +007.18663  +000.41616             
+018.08217   +007.18673  +000.41613             
+020.03180   +007.18661  +000.40491             
+000.53180   +009.08676  +000.52846             
+002.48107   +009.08720  +000.52936             
+004.43187   +009.08696  +000.52827             
+006.38175   +009.08677  +000.53116             
+008.33200   +009.08676  +000.53043             
+010.28194   +009.08681  +000.52171             
+012.23202   +009.08652  +000.51838             
+014.18196   +009.08658  +000.51565             
+016.13136   +009.08669  +000.51923             
+018.08202   +009.08673  +000.52470             
+020.03228   +009.08670  +000.50487             
+000.53191   +010.98664  +000.60853             
+002.48191   +010.98690  +000.60654             
+004.43194   +010.98658  +000.60584             
+006.38182   +010.98689  +000.61013             
+008.33198   +010.98658  +000.60880             
+010.28261   +010.98626  +000.60178             
+012.23192   +010.98654  +000.59775             
+014.18184   +010.98655  +000.59442             
+016.13302   +010.98669  +000.59900             
+018.08230   +010.98653  +000.59827             
+020.03235   +010.98657  +000.58414             
+000.53203   +012.88655  +000.67230             
+002.48199   +012.88673  +000.67241             
+004.43204   +012.88651  +000.67101             
+006.38196   +012.88636  +000.67050             
+008.33049   +012.88670  +000.66787             
+010.28249   +012.88661  +000.66435             
+012.23216   +012.88641  +000.65962             
+014.18142   +012.88647  +000.65679             
+016.13232   +012.88644  +000.65807             
+018.08212   +012.88635  +000.65744             
+020.03216   +012.88680  +000.64771             
+000.53209   +014.78667  +000.70927             
+002.48221   +014.78683  +000.71028             
+004.43209   +014.78641  +000.70798             
+006.38229   +014.78653  +000.70557             
+008.33199   +014.78647  +000.70374             
+010.28210   +014.78633  +000.70292             
+012.23208   +014.78667  +000.70119             
+014.18071   +014.78635  +000.69896             
+016.13184   +014.78614  +000.69803             
+018.08278   +014.78621  +000.70591             
+020.03227   +014.78641  +000.69448             
+000.53212   +016.68661  +000.71604             
+002.48187   +016.68684  +000.71455             
+004.43193   +016.68660  +000.71325             
+006.38182   +016.68633  +000.71154             
+008.33183   +016.68639  +000.71061             
+010.28080   +016.68653  +000.71188             
+012.23220   +016.68637  +000.71196             
+014.18206   +016.68630  +000.71123             
+016.13229   +016.68644  +000.71090             
+018.08196   +016.68608  +000.71208             
+020.03139   +016.68609  +000.71135             
+000.53172   +018.58670  +000.69101             
+002.48217   +018.58708  +000.69242             
+004.43224   +018.58659  +000.69112             
+006.38226   +018.58647  +000.69051             
+008.33211   +018.58658  +000.69168             
+010.28226   +018.58650  +000.69375             
+012.23216   +018.58634  +000.69422             
+014.18206   +018.58658  +000.69470             
+016.12859   +018.58636  +000.69737             
+018.08201   +018.58648  +000.69844             
+020.03191   +018.58647  +000.69841             
+000.53242   +020.48659  +000.65957             
+002.48181   +020.48708  +000.65488             
+004.43221   +020.48684  +000.65288             
+006.38233   +020.48657  +000.65357             
+008.33218   +020.48674  +000.65614             
+010.28180   +020.48668  +000.66011             
+012.23197   +020.48647  +000.66228             
+014.18188   +020.48638  +000.66116             
+016.13240   +020.48640  +000.66243             
+018.08180   +020.48629  +000.66580             
+020.03205   +020.48643  +000.66557             
+000.53234   +022.38674  +000.61033             
+002.48177   +022.38715  +000.60984             
+004.43200   +022.38718  +000.60804             
+006.38216   +022.38667  +000.60873             
+008.33233   +022.38686  +000.61320             
+010.28208   +022.38658  +000.61947             
+012.23217   +022.38645  +000.62334             
+014.18178   +022.38668  +000.61811             
+016.13080   +022.38664  +000.61739             
+018.08184   +022.38673  +000.62176             
+020.03113   +022.38658  +000.62433             
