   1 Sphere            -000.01843   -000.02990  -004.75636  +009.52353
   2 Sphere            +039.96340   -020.05655  -004.58029  +009.52449
   3 Sphere            +079.98834   -000.10639  -004.76258  +009.52797
   4 Sphere            +200.38647   -003.39085  -006.24382  +003.17779
   5 Sphere            +575.56116   -003.35603  -003.07315  +003.17673
   6 Sphere            +591.39858   -013.38815  -007.45619  +003.00305
   8 Sphere            -000.00417   +015.07864  -014.26931  +009.52272
   9 Sphere            +039.98168   -002.17947  -004.12869  +009.52452
  10 Sphere            +079.99937   +015.00678  -014.28204  +009.52874
  11 Sphere            +200.39833   +011.42440  -013.99222  +003.17580
  12 Sphere            +575.57557   +013.05884  -011.49207  +003.17688
  13 Sphere            +591.41512   +002.17879  -010.28090  +003.00711
  15 Sphere            -000.00175   +023.40578  -030.06826  +009.52447
  16 Sphere            +039.99380   +013.52974  -012.67810  +009.52644
  17 Sphere            +080.00413   +023.33466  -030.08614  +009.52824
  18 Sphere            +200.40218   +020.37805  -028.11634  +003.17601
  19 Sphere            +575.57658   +023.05738  -026.99783  +003.17563
  20 Sphere            +591.42514   +014.24279  -020.51285  +003.00331
  22 Sphere            -000.00525   +022.71685  -047.89860  +009.52222
  23 Sphere            +040.00054   +022.85838  -027.92562  +009.52429
  24 Sphere            +079.99874   +022.64369  -047.92907  +009.52850
  25 Sphere            +200.39567   +021.07260  -044.81772  +003.17546
  27 Sphere            +575.57224   +023.96746  -045.42759  +003.17432
  28 Sphere            +591.42319   +019.57245  -035.42194  +003.00410
  30 Sphere            -000.03175   -017.87325  -004.07210  +009.52880
  31 Sphere            +039.95072   -035.30385  -013.91095  +009.52392
  32 Sphere            +079.97509   -017.94811  -004.06966  +009.52850
  33 Sphere            +200.37428   -020.08918  -006.93181  +003.17474
  34 Sphere            +575.54390   -021.77288  -003.98464  +003.17257
  35 Sphere            +591.38325   -028.27618  -012.78658  +003.00392
  37 Sphere            -000.05249   -033.65832  -012.39822  +009.52494
  38 Sphere            +039.93468   -043.85088  -029.62178  +009.52312
  39 Sphere            +079.95401   -033.75107  -012.40143  +009.52788
  40 Sphere            +200.35335   -034.21026  -015.89067  +003.17485
  41 Sphere            +575.52127   -037.27230  -013.99195  +003.17468
  42 Sphere            +591.36631   -038.50902  -024.86253  +003.00260
  44 Sphere            -000.06926   -043.17569  -027.49972  +009.51749
  45 Sphere            +039.92773   -043.38978  -047.49972  +009.52469
  46 Sphere            +079.93715   -043.26517  -027.51753  +009.52946
  47 Sphere            +200.33653   -041.95731  -030.70818  +003.17548
  48 Sphere            +575.50216   -045.69004  -030.40531  +003.17297
  49 Sphere            +591.35455   -041.33367  -040.43093  +003.00183