   1 Sphere            +000.02781   +000.25786  -004.84843  +009.52369 
   2 Sphere            +040.00849   -019.76755  -004.67243  +009.52448 
   3 Sphere            +080.03516   +000.18199  -004.85439  +009.52843 
   4 Sphere            +200.43364   -003.10477  -006.33297  +003.17670 
   5 Sphere            +575.60229   -003.07179  -003.15700  +003.17503 
   6 Sphere            +591.43963   -013.10991  -007.53116  +003.00129 
   8 Sphere            +000.03980   +015.36422  -014.36150  +009.52283 
   9 Sphere            +040.02484   -001.89344  -004.22224  +009.52680 
  10 Sphere            +080.04578   +015.29595  -014.37272  +009.52546 
  11 Sphere            +200.44334   +011.70930  -014.08293  +003.17655 
  12 Sphere            +575.61436   +013.34379  -011.57659  +003.17580 
  13 Sphere            +591.45376   +002.46425  -010.35645  +003.00136 
  15 Sphere            +000.04096   +023.69442  -030.16022  +009.52303 
  16 Sphere            +040.03827   +013.81592  -012.76934  +009.52408 
  17 Sphere            +080.04924   +023.62168  -030.17735  +009.52590 
  18 Sphere            +200.44616   +020.66282  -028.20714  +003.17475 
  19 Sphere            +575.61656   +023.34601  -027.08545  +003.17478 
  20 Sphere            +591.45992   +014.53508  -020.59835  +003.00190 
  22 Sphere            +000.03656   +023.01173  -047.98057  +009.52317 
  23 Sphere            +040.04409   +023.14084  -028.00647  +009.52454 
  24 Sphere            +080.04505   +022.93943  -048.00791  +009.52889 
  25 Sphere            +200.43889   +021.34370  -044.97744  +003.17777 
  26 Sphere            +575.61072   +024.26208  -045.49753  +003.17455 
  27 Sphere            +591.45865   +019.87510  -035.56316  +003.00136 
  29 Sphere            +000.00874   -017.61716  -004.16967  +009.52339 
  30 Sphere            +039.98778   -035.04872  -014.02424  +009.52237 
  31 Sphere            +080.01543   -017.70249  -004.17167  +009.52768 
  32 Sphere            +200.41283   -019.84462  -007.03793  +003.17487 
  33 Sphere            +575.58057   -021.52901  -004.08770  +003.17487 
  34 Sphere            +591.41904   -028.03397  -012.89131  +003.00282 
  36 Sphere            -000.01467   -033.40679  -012.51175  +009.52084 
  37 Sphere            +039.97244   -043.58238  -029.74955  +009.52303 
  38 Sphere            +079.99212   -033.50355  -012.52385  +009.52931 
  39 Sphere            +200.39051   -033.96123  -016.01337  +003.17620 
  40 Sphere            +575.55673   -037.02744  -014.11140  +003.17385 
  41 Sphere            +591.40116   -038.25816  -024.98489  +003.00199 
  43 Sphere            -000.03250   -042.91471  -027.63593  +009.51513 
  44 Sphere            +039.96750   -043.10443  -047.64001  +009.52412 
  45 Sphere            +079.97558   -043.01425  -027.68271  +009.52812 
  46 Sphere            +200.37282   -041.70074  -030.87293  +003.17773 
  47 Sphere            +575.53790   -045.40565  -030.43426  +003.17464 
  48 Sphere            +591.38936   -041.07162  -040.47039  +003.00185 
