+009.99982   +010.00023  -000.00159             
+009.99997   +010.00013  +000.00356             
+010.00000   +010.00036  -000.00873             
+009.99998   +009.99965  -000.00201             
+009.99997   +010.00003  +000.00347             
+009.99990   +010.00024  -000.00883             
+009.99998   +009.99982  -000.00211             
+009.99997   +010.00003  +000.00352             
+010.00015   +010.00054  -000.00813             
+010.00002   +009.99959  -000.00195             
+009.99997   +010.00008  +000.00367             
+010.00012   +010.00035  -000.00783             
+010.00009   +009.99934  -000.00171             
+009.99997   +010.00003  +000.00356             
+010.00012   +010.00015  -000.00803             
+009.99997   +009.99953  -000.00180             
+009.99997   +010.00003  +000.00342             
+010.00000   +010.00040  -000.00793             
+010.00004   +009.99953  -000.00175             
+009.99997   +010.00003  +000.00365             
+010.00002   +010.00052  -000.00763             
+010.00008   +009.99962  -000.00207             
+009.99997   +010.00003  +000.00351             
+009.99988   +010.00056  -000.00773             
+010.00000   +009.99955  -000.00193             
+009.99997   +010.00003  +000.00377             
+009.99978   +010.00042  -000.00783             
+009.99999   +009.99952  -000.00183             
+009.99997   +010.00003  +000.00377             
+010.00012   +010.00035  -000.00773
