C:\Partrtn\Jobs\Jana folder\16_08\ALLGRID.RTN 08/16/2012 14:38:40     3
+0.5205 +22.3813 -0.1026 
+2.4804 +22.3812 -0.1011 
+4.4404 +22.3813 -0.1055 
+6.4006 +22.3811 -0.1125 
+8.3605 +22.3810 -0.1161 
+10.3206 +22.3811 -0.1171 
+12.2806 +22.3810 -0.1193 
+14.2406 +22.3812 -0.1150 
+16.2005 +22.3813 -0.1104 
+18.1606 +22.3812 -0.1122 
+20.1206 +22.3811 -0.1174 
+0.5199 +20.6568 -0.0259 
+2.4798 +20.6574 -0.0256 
+4.4399 +20.6573 -0.0271 
+6.3999 +20.6572 -0.0313 
+8.3600 +20.6571 -0.0359 
+10.3200 +20.6572 -0.0373 
+12.2800 +20.6572 -0.0364 
+14.2400 +20.6573 -0.0338 
+16.1999 +20.6574 -0.0302 
+18.1598 +20.6573 -0.0299 
+20.1200 +20.6572 -0.0355 
+0.5193 +18.9327 +0.0451 
+2.4794 +18.9334 +0.0473 
+4.4393 +18.9332 +0.0464 
+6.3994 +18.9332 +0.0430 
+8.3593 +18.9333 +0.0400 
+10.3194 +18.9332 +0.0404 
+12.2793 +18.9333 +0.0414 
+14.2394 +18.9333 +0.0436 
+16.1993 +18.9333 +0.0465 
+18.1593 +18.9334 +0.0467 
+20.1194 +18.9334 +0.0436 
+0.5189 +17.2083 +0.1131 
+2.4787 +17.2093 +0.1127 
+4.4389 +17.2092 +0.1100 
+6.3989 +17.2091 +0.1082 
+8.3589 +17.2092 +0.1054 
+10.3189 +17.2091 +0.1049 
+12.2789 +17.2091 +0.1078 
+14.2389 +17.2093 +0.1113 
+16.1988 +17.2093 +0.1129 
+18.1587 +17.2093 +0.1141 
+20.1189 +17.2093 +0.1109 
+0.5186 +15.4838 +0.1581 
+2.4785 +15.4848 +0.1554 
+4.4385 +15.4848 +0.1549 
+6.3986 +15.4849 +0.1548 
+8.3586 +15.4849 +0.1530 
+10.3185 +15.4848 +0.1539 
+12.2785 +15.4848 +0.1555 
+14.2385 +15.4848 +0.1578 
+16.1985 +15.4849 +0.1594 
+18.1585 +15.4850 +0.1613 
+20.1185 +15.4848 +0.1599 
+0.5183 +13.7590 +0.1726 
+2.4784 +13.7602 +0.1749 
+4.4384 +13.7601 +0.1762 
+6.3984 +13.7601 +0.1756 
+8.3584 +13.7602 +0.1749 
+10.3183 +13.7601 +0.1753 
+12.2784 +13.7602 +0.1770 
+14.2383 +13.7602 +0.1797 
+16.1983 +13.7603 +0.1820 
+18.1584 +13.7603 +0.1839 
+20.1183 +13.7603 +0.1835 
+0.5185 +12.0337 +0.1681 
+2.4784 +12.0351 +0.1737 
+4.4384 +12.0349 +0.1747 
+6.3985 +12.0352 +0.1740 
+8.3584 +12.0352 +0.1723 
+10.3184 +12.0351 +0.1712 
+12.2784 +12.0352 +0.1710 
+14.2384 +12.0351 +0.1745 
+16.1984 +12.0352 +0.1779 
+18.1584 +12.0352 +0.1808 
+20.1183 +12.0353 +0.1806 
+0.5185 +10.3089 +0.1499 
+2.4786 +10.3099 +0.1556 
+4.4385 +10.3098 +0.1564 
+6.3985 +10.3099 +0.1556 
+8.3586 +10.3099 +0.1538 
+10.3186 +10.3099 +0.1513 
+12.2786 +10.3096 +0.1503 
+14.2386 +10.3098 +0.1522 
+16.1986 +10.3099 +0.1551 
+18.1585 +10.3100 +0.1586 
+20.1185 +10.3100 +0.1593 
+0.5188 +8.5835 +0.1163 
+2.4788 +8.5845 +0.1213 
+4.4388 +8.5844 +0.1216 
+6.3989 +8.5844 +0.1217 
+8.3588 +8.5843 +0.1193 
+10.3188 +8.5843 +0.1186 
+12.2788 +8.5843 +0.1168 
+14.2389 +8.5842 +0.1163 
+16.1988 +8.5843 +0.1177 
+18.1588 +8.5844 +0.1205 
+20.1187 +8.5844 +0.1210 
+0.5193 +6.8580 +0.0607 
+2.4791 +6.8588 +0.0650 
+4.4392 +6.8586 +0.0646 
+6.3992 +6.8587 +0.0648 
+8.3592 +6.8586 +0.0631 
+10.3192 +6.8585 +0.0625 
+12.2793 +6.8587 +0.0625 
+14.2392 +6.8586 +0.0609 
+16.1993 +6.8587 +0.0610 
+18.1592 +6.8587 +0.0622 
+20.1193 +6.8585 +0.0609 
+0.5197 +5.1321 -0.0094 
+2.4797 +5.1325 -0.0079 
+4.4397 +5.1325 -0.0087 
+6.3997 +5.1326 -0.0093 
+8.3597 +5.1325 -0.0108 
+10.3197 +5.1326 -0.0100 
+12.2798 +5.1326 -0.0096 
+14.2398 +5.1327 -0.0115 
+16.1997 +5.1325 -0.0126 
+18.1598 +5.1326 -0.0129 
+20.1197 +5.1325 -0.0151 
+0.5205 +3.4060 -0.0944 
+2.4803 +3.4065 -0.0902 
+4.4404 +3.4065 -0.0914 
+6.4003 +3.4064 -0.0931 
+8.3604 +3.4065 -0.0933 
+10.3203 +3.4065 -0.0921 
+12.2803 +3.4065 -0.0919 
+14.2403 +3.4065 -0.0926 
+16.2004 +3.4065 -0.0936 
+18.1604 +3.4064 -0.0939 
+20.1204 +3.4065 -0.0954 


C:\Partrtn\Jobs\Jana folder\16_08\ALLGRID.RTN 08/16/2012 15:58:00     1
+0.5205 +22.3814 -0.1031 
+2.4804 +22.3809 -0.1022 
+4.4404 +22.3806 -0.1058 
+6.4006 +22.3806 -0.1134 
+8.3605 +22.3805 -0.1165 
+10.3206 +22.3805 -0.1171 
+12.2806 +22.3805 -0.1199 
+14.2405 +22.3805 -0.1158 
+16.2004 +22.3806 -0.1094 
+18.1605 +22.3806 -0.1116 
+20.1205 +22.3805 -0.1164 
+0.5198 +20.6568 -0.0268 
+2.4799 +20.6568 -0.0247 
+4.4399 +20.6566 -0.0282 
+6.3999 +20.6566 -0.0321 
+8.3600 +20.6566 -0.0354 
+10.3199 +20.6566 -0.0371 
+12.2800 +20.6565 -0.0366 
+14.2399 +20.6566 -0.0332 
+16.1998 +20.6566 -0.0297 
+18.1599 +20.6566 -0.0299 
+20.1199 +20.6566 -0.0350 
+0.5194 +18.9326 +0.0439 
+2.4794 +18.9330 +0.0452 
+4.4393 +18.9327 +0.0445 
+6.3994 +18.9326 +0.0417 
+8.3594 +18.9325 +0.0389 
+10.3194 +18.9326 +0.0391 
+12.2794 +18.9326 +0.0400 
+14.2394 +18.9326 +0.0422 
+16.1993 +18.9326 +0.0459 
+18.1593 +18.9327 +0.0469 
+20.1193 +18.9326 +0.0426 
+0.5189 +17.2084 +0.1112 
+2.4789 +17.2090 +0.1104 
+4.4388 +17.2086 +0.1083 
+6.3990 +17.2084 +0.1062 
+8.3590 +17.2084 +0.1043 
+10.3189 +17.2085 +0.1043 
+12.2789 +17.2085 +0.1068 
+14.2388 +17.2085 +0.1107 
+16.1988 +17.2085 +0.1134 
+18.1589 +17.2085 +0.1132 
+20.1188 +17.2085 +0.1104 
+0.5185 +15.4839 +0.1564 
+2.4786 +15.4846 +0.1544 
+4.4386 +15.4839 +0.1529 
+6.3985 +15.4840 +0.1534 
+8.3586 +15.4840 +0.1522 
+10.3185 +15.4840 +0.1522 
+12.2785 +15.4840 +0.1547 
+14.2385 +15.4841 +0.1581 
+16.1985 +15.4840 +0.1591 
+18.1584 +15.4841 +0.1615 
+20.1185 +15.4841 +0.1598 
+0.5184 +13.7592 +0.1712 
+2.4784 +13.7595 +0.1738 
+4.4384 +13.7592 +0.1744 
+6.3984 +13.7593 +0.1731 
+8.3585 +13.7593 +0.1732 
+10.3185 +13.7593 +0.1738 
+12.2784 +13.7592 +0.1751 
+14.2384 +13.7594 +0.1782 
+16.1983 +13.7595 +0.1814 
+18.1583 +13.7594 +0.1831 
+20.1183 +13.7594 +0.1821 
+0.5183 +12.0338 +0.1656 
+2.4785 +12.0352 +0.1715 
+4.4384 +12.0342 +0.1731 
+6.3983 +12.0343 +0.1724 
+8.3585 +12.0343 +0.1711 
+10.3185 +12.0343 +0.1702 
+12.2784 +12.0342 +0.1695 
+14.2384 +12.0343 +0.1734 
+16.1983 +12.0344 +0.1775 
+18.1584 +12.0345 +0.1800 
+20.1183 +12.0344 +0.1791 
+0.5186 +10.3088 +0.1474 
+2.4786 +10.3093 +0.1534 
+4.4386 +10.3091 +0.1542 
+6.3985 +10.3089 +0.1538 
+8.3585 +10.3090 +0.1528 
+10.3187 +10.3090 +0.1497 
+12.2785 +10.3090 +0.1486 
+14.2385 +10.3090 +0.1511 
+16.1985 +10.3091 +0.1537 
+18.1585 +10.3090 +0.1573 
+20.1185 +10.3090 +0.1578 
+0.5187 +8.5835 +0.1147 
+2.4789 +8.5837 +0.1191 
+4.4388 +8.5835 +0.1194 
+6.3988 +8.5835 +0.1194 
+8.3588 +8.5835 +0.1178 
+10.3188 +8.5836 +0.1171 
+12.2788 +8.5836 +0.1158 
+14.2388 +8.5835 +0.1149 
+16.1987 +8.5834 +0.1163 
+18.1588 +8.5836 +0.1193 
+20.1188 +8.5836 +0.1195 
+0.5192 +6.8578 +0.0599 
+2.4793 +6.8579 +0.0635 
+4.4392 +6.8578 +0.0640 
+6.3992 +6.8578 +0.0640 
+8.3592 +6.8577 +0.0616 
+10.3193 +6.8577 +0.0617 
+12.2792 +6.8578 +0.0612 
+14.2392 +6.8578 +0.0598 
+16.1993 +6.8577 +0.0604 
+18.1592 +6.8578 +0.0611 
+20.1193 +6.8578 +0.0589 
+0.5197 +5.1322 -0.0108 
+2.4798 +5.1319 -0.0098 
+4.4398 +5.1319 -0.0115 
+6.3998 +5.1319 -0.0122 
+8.3598 +5.1319 -0.0130 
+10.3198 +5.1318 -0.0129 
+12.2798 +5.1318 -0.0124 
+14.2398 +5.1318 -0.0135 
+16.1998 +5.1317 -0.0138 
+18.1597 +5.1317 -0.0139 
+20.1198 +5.1319 -0.0171 
+0.5204 +3.4061 -0.0947 
+2.4804 +3.4059 -0.0916 
+4.4404 +3.4058 -0.0925 
+6.4004 +3.4058 -0.0938 
+8.3603 +3.4058 -0.0943 
+10.3204 +3.4058 -0.0934 
+12.2804 +3.4058 -0.0927 
+14.2403 +3.4058 -0.0938 
+16.2003 +3.4058 -0.0949 
+18.1604 +3.4057 -0.0950 
+20.1204 +3.4059 -0.0976 



