+000.53470   +003.38844  +000.19385             
+002.48456   +003.38740  +000.19650             
+004.43471   +003.38796  +000.19679             
+006.38460   +003.38748  +000.19626             
+008.33467   +003.38800  +000.19712             
+010.28457   +003.38751  +000.19933             
+012.23471   +003.38801  +000.20073             
+014.18468   +003.38757  +000.20024             
+016.13468   +003.38794  +000.19857             
+018.08463   +003.38745  +000.20045             
+020.03470   +003.38598  +000.19895             
+000.53472   +005.28836  +000.32833             
+002.48468   +005.28690  +000.33131             
+004.43472   +005.28832  +000.33313             
+006.38465   +005.28754  +000.33385             
+008.33473   +005.28826  +000.33341             
+010.28461   +005.28740  +000.33402             
+012.23467   +005.28748  +000.33529             
+014.18467   +005.28770  +000.33501             
+016.13477   +005.28776  +000.33487             
+018.08468   +005.28754  +000.33549             
+020.03460   +005.28773  +000.33374             
+000.53475   +007.18840  +000.44771             
+002.48471   +007.18780  +000.45322             
+004.43467   +007.18759  +000.45490             
+006.38472   +007.18754  +000.45619             
+008.33477   +007.18766  +000.45548             
+010.28464   +007.18759  +000.45637             
+012.23457   +007.18754  +000.45638             
+014.18474   +007.18777  +000.45540             
+016.13476   +007.18767  +000.45576             
+018.08471   +007.18779  +000.45910             
+020.03456   +007.18756  +000.45878             
+000.53463   +009.08806  +000.54319             
+002.48459   +009.08768  +000.55092             
+004.43467   +009.08747  +000.55357             
+006.38469   +009.08760  +000.55254             
+008.33469   +009.08746  +000.55335             
+010.28463   +009.08776  +000.55339             
+012.23464   +009.08739  +000.55289             
+014.18471   +009.08833  +000.55312             
+016.13470   +009.08724  +000.55609             
+018.08471   +009.08851  +000.56016             
+020.03468   +009.08724  +000.56094             
+000.53465   +010.98864  +000.62123             
+002.48459   +010.98770  +000.62953             
+004.43470   +010.98757  +000.63156             
+006.38468   +010.98752  +000.63216             
+008.33473   +010.98759  +000.63026             
+010.28458   +010.98753  +000.62968             
+012.23463   +010.98740  +000.62910             
+014.18470   +010.98804  +000.63257             
+016.13470   +010.98758  +000.63704             
+018.08460   +010.98791  +000.64010             
+020.03457   +010.98740  +000.64009             
+000.53465   +012.88863  +000.68840             
+002.48469   +012.88767  +000.69480             
+004.43471   +012.88757  +000.69646             
+006.38462   +012.88747  +000.69740             
+008.33464   +012.88758  +000.69602             
+010.28459   +012.88741  +000.69679             
+012.23474   +012.88737  +000.69791             
+014.18464   +012.88745  +000.70044             
+016.13480   +012.88764  +000.70663             
+018.08461   +012.88750  +000.70972             
+020.03456   +012.88745  +000.70950             
+000.53460   +014.78857  +000.73855             
+002.48465   +014.78770  +000.74113             
+004.43473   +014.78760  +000.74217             
+006.38482   +014.78745  +000.74208             
+008.33494   +014.78756  +000.74310             
+010.28462   +014.78752  +000.74539             
+012.23466   +014.78749  +000.74809             
+014.18462   +014.78747  +000.75055             
+016.13474   +014.78786  +000.75363             
+018.08463   +014.78741  +000.75578             
+020.03469   +014.78820  +000.75512             
+000.53486   +016.68822  +000.75709             
+002.48473   +016.68771  +000.75577             
+004.43466   +016.68760  +000.75558             
+006.38476   +016.68739  +000.75454             
+008.33474   +016.68782  +000.75321             
+010.28469   +016.68745  +000.75466             
+012.23466   +016.68746  +000.75761             
+014.18466   +016.68768  +000.76075             
+016.13467   +016.68747  +000.76370             
+018.08462   +016.68776  +000.76530             
+020.03452   +016.68738  +000.76350             
+000.53484   +018.58765  +000.73824             
+002.48473   +018.58775  +000.73970             
+004.43475   +018.58757  +000.73936             
+006.38481   +018.58747  +000.73652             
+008.33476   +018.58736  +000.73343             
+010.28474   +018.58757  +000.73367             
+012.23469   +018.58737  +000.73629             
+014.18467   +018.58764  +000.73938             
+016.13468   +018.58725  +000.74306             
+018.08454   +018.58779  +000.74406             
+020.03467   +018.58725  +000.74074             
+000.53499   +020.48863  +000.70613             
+002.48463   +020.48764  +000.70768             
+004.43474   +020.48753  +000.70584             
+006.38471   +020.48736  +000.70184             
+008.33470   +020.48754  +000.69854             
+010.28464   +020.48731  +000.69837             
+012.23472   +020.48763  +000.69905             
+014.18469   +020.48720  +000.70283             
+016.13471   +020.48762  +000.70703             
+018.08476   +020.48739  +000.70782             
+020.03487   +020.48828  +000.70298             
+000.53485   +022.38807  +000.67058             
+002.48474   +022.38760  +000.67148             
+004.43472   +022.38749  +000.66709             
+006.38471   +022.38747  +000.66065             
+008.33478   +022.38737  +000.65647             
+010.28478   +022.38747  +000.65655             
+012.23472   +022.38746  +000.65577             
+014.18474   +022.38735  +000.66016             
+016.13474   +022.38792  +000.66657             
+018.08470   +022.38726  +000.66677             
+020.03471   +022.38745  +000.65966             
+000.53477   +003.38815  +000.17242             
+002.48478   +003.38767  +000.17576             
+004.43478   +003.38767  +000.17648             
+006.38462   +003.38765  +000.17601             
+008.33460   +003.38758  +000.17523             
+010.28466   +003.38780  +000.17444             
+012.23467   +003.38769  +000.17344             
+014.18461   +003.38773  +000.17576             
+016.13471   +003.38781  +000.17778             
+018.08467   +003.38775  +000.17323             
+020.03475   +003.38603  +000.15910             
+000.53458   +005.28840  +000.31302             
+002.48469   +005.28696  +000.31091             
+004.43468   +005.28820  +000.30950             
+006.38460   +005.28747  +000.31362             
+008.33468   +005.28846  +000.31614             
+010.28468   +005.28745  +000.31100             
+012.23466   +005.28793  +000.30811             
+014.18469   +005.28758  +000.30734             
+016.13473   +005.28775  +000.31118             
+018.08471   +005.28751  +000.30539             
+020.03466   +005.28755  +000.29805             
+000.53467   +007.18840  +000.43658             
+002.48472   +007.18775  +000.43719             
+004.43462   +007.18765  +000.43506             
+006.38467   +007.18745  +000.43807             
+008.33463   +007.18797  +000.44072             
+010.28473   +007.18743  +000.43457             
+012.23469   +007.18823  +000.43199             
+014.18470   +007.18743  +000.42866             
+016.13467   +007.18805  +000.43156             
+018.08477   +007.18745  +000.43436             
+020.03476   +007.18788  +000.42359             
+000.53456   +009.08814  +000.53721             
+002.48463   +009.08771  +000.53794             
+004.43460   +009.08760  +000.53751             
+006.38462   +009.08753  +000.54056             
+008.33459   +009.08800  +000.54189             
+010.28467   +009.08762  +000.53368             
+012.23452   +009.08779  +000.53043             
+014.18470   +009.08784  +000.52746             
+016.13463   +009.08769  +000.53129             
+018.08477   +009.08785  +000.53261             
+020.03470   +009.08776  +000.52213             
+000.53456   +010.98873  +000.61805             
+002.48466   +010.98769  +000.61943             
+004.43485   +010.98772  +000.61747             
+006.38472   +010.98754  +000.62240             
+008.33467   +010.98799  +000.62407             
+010.28469   +010.98748  +000.61731             
+012.23470   +010.98827  +000.61387             
+014.18461   +010.98747  +000.60796             
+016.13461   +010.98804  +000.61408             
+018.08471   +010.98780  +000.61595             
+020.03465   +010.98774  +000.60193             
+000.53481   +012.88858  +000.69057             
+002.48466   +012.88764  +000.69066             
+004.43486   +012.88768  +000.69027             
+006.38467   +012.88744  +000.69226             
+008.33479   +012.88802  +000.69106             
+010.28462   +012.88733  +000.68448             
+012.23462   +012.88813  +000.67998             
+014.18464   +012.88732  +000.67560             
+016.13467   +012.88818  +000.67907             
+018.08472   +012.88722  +000.67812             
+020.03437   +012.88823  +000.66639             
+000.53455   +014.78854  +000.74087             
+002.48478   +014.78767  +000.74214             
+004.43455   +014.78767  +000.73918             
+006.38460   +014.78753  +000.73818             
+008.33463   +014.78792  +000.73634             
+010.28473   +014.78762  +000.73447             
+012.23458   +014.78786  +000.73262             
+014.18463   +014.78746  +000.73021             
+016.13468   +014.78799  +000.72950             
+018.08474   +014.78754  +000.72837             
+020.03475   +014.78792  +000.72341             
+000.53462   +016.68826  +000.74701             
+002.48475   +016.68767  +000.74932             
+004.43486   +016.68756  +000.74795             
+006.38473   +016.68765  +000.74610             
+008.33475   +016.68758  +000.74633             
+010.28474   +016.68798  +000.74754             
+012.23454   +016.68732  +000.74782             
+014.18469   +016.68831  +000.74757             
+016.13473   +016.68725  +000.74701             
+018.08473   +016.68838  +000.74772             
+020.03482   +016.68725  +000.74823             
+000.53484   +018.58781  +000.72312             
+002.48475   +018.58773  +000.72480             
+004.43475   +018.58753  +000.72327             
+006.38471   +018.58743  +000.72381             
+008.33474   +018.58781  +000.72573             
+010.28469   +018.58733  +000.72725             
+012.23483   +018.58822  +000.72822             
+014.18475   +018.58744  +000.72918             
+016.13473   +018.58801  +000.73099             
+018.08477   +018.58743  +000.73350             
+020.03480   +018.58812  +000.73406             
+000.53506   +020.48830  +000.68657             
+002.48474   +020.48759  +000.68632             
+004.43487   +020.48739  +000.68428             
+006.38471   +020.48758  +000.68537             
+008.33474   +020.48730  +000.68856             
+010.28478   +020.48799  +000.69215             
+012.23462   +020.48735  +000.69396             
+014.18473   +020.48783  +000.69321             
+016.13473   +020.48741  +000.69478             
+018.08473   +020.48812  +000.69819             
+020.03453   +020.48758  +000.69954             
+000.53454   +022.38815  +000.64010             
+002.48480   +022.38773  +000.64021             
+004.43482   +022.38763  +000.63816             
+006.38480   +022.38743  +000.63950             
+008.33484   +022.38759  +000.64358             
+010.28479   +022.38767  +000.65022             
+012.23469   +022.38747  +000.65149             
+014.18469   +022.38773  +000.64815             
+016.13467   +022.38733  +000.64739             
+018.08475   +022.38804  +000.65146             
+020.03487   +022.38733  +000.65518             
