+000.53149   +003.38725  +000.17765             
+002.48151   +003.38716  +000.18116             
+004.43151   +003.38706  +000.18127             
+006.38134   +003.38709  +000.18127             
+008.33150   +003.38717  +000.18198             
+010.28158   +003.38706  +000.18379             
+012.23166   +003.38704  +000.18540             
+014.18109   +003.38689  +000.18401             
+016.13149   +003.38663  +000.18341             
+018.08144   +003.38674  +000.18412             
+020.03121   +003.38660  +000.18283             
+000.53195   +005.28702  +000.31582             
+002.48136   +005.28723  +000.31783             
+004.43170   +005.28711  +000.31854             
+006.38173   +005.28702  +000.31895             
+008.33070   +005.28686  +000.31865             
+010.28182   +005.28685  +000.31996             
+012.23140   +005.28685  +000.32107             
+014.18188   +005.28720  +000.32008             
+016.13165   +005.28694  +000.32009             
+018.08225   +005.28667  +000.32069             
+020.03141   +005.28677  +000.31860             
+000.53172   +007.18681  +000.43720             
+002.48214   +007.18724  +000.44170             
+004.43182   +007.18728  +000.44331             
+006.38186   +007.18704  +000.44462             
+008.33201   +007.18700  +000.44363             
+010.28154   +007.18684  +000.44443             
+012.23184   +007.18699  +000.44414             
+014.18194   +007.18683  +000.44345             
+016.13186   +007.18684  +000.44466             
+018.08216   +007.18664  +000.44667             
+020.03192   +007.18662  +000.44647             
+000.53182   +009.08709  +000.53607             
+002.48216   +009.08709  +000.54168             
+004.43193   +009.08715  +000.54308             
+006.38196   +009.08703  +000.54299             
+008.33203   +009.08689  +000.54280             
+010.28154   +009.08690  +000.54201             
+012.23171   +009.08671  +000.54131             
+014.18186   +009.08658  +000.54322             
+016.13183   +009.08664  +000.54583             
+018.08278   +009.08683  +000.54944             
+020.03192   +009.08691  +000.55064             
+000.53222   +010.98641  +000.61224             
+002.48266   +010.98697  +000.63145             
+004.43248   +010.98674  +000.62096             
+006.38206   +010.98673  +000.62046             
+008.33192   +010.98671  +000.61967             
+010.27879   +010.98652  +000.61848             
+012.23179   +010.98658  +000.61849             
+014.18206   +010.98665  +000.62229             
+016.13163   +010.98651  +000.62630             
+018.08200   +010.98647  +000.62971             
+020.03212   +010.98661  +000.62961             
+000.53231   +012.88709  +000.67752             
+002.48271   +012.88690  +000.67752             
+004.43195   +012.88679  +000.67933             
+006.38210   +012.88670  +000.67944             
+008.33228   +012.88666  +000.67954             
+010.28183   +012.88652  +000.68005             
+012.23220   +012.88666  +000.68296             
+014.18222   +012.88647  +000.68527             
+016.13193   +012.88644  +000.69107             
+018.08251   +012.88645  +000.69108             
+020.03181   +012.88683  +000.69089             
+000.53244   +014.78661  +000.71309             
+002.48149   +014.78707  +000.71360             
+004.43154   +014.78686  +000.71430             
+006.38236   +014.78700  +000.71671             
+008.33226   +014.78698  +000.71592             
+010.28241   +014.78709  +000.71642             
+012.23246   +014.78661  +000.71923             
+014.18160   +014.78664  +000.72214             
+016.13214   +014.78651  +000.72484             
+018.08242   +014.78647  +000.72665             
+020.03192   +014.78663  +000.72546             
+000.53229   +016.68663  +000.72686             
+002.48212   +016.68699  +000.72427             
+004.43185   +016.68698  +000.72328             
+006.38213   +016.68689  +000.72238             
+008.33217   +016.68697  +000.72369             
+010.28217   +016.68683  +000.72270             
+012.23259   +016.68685  +000.72590             
+014.18191   +016.68671  +000.72871             
+016.13231   +016.68657  +000.73132             
+018.08118   +016.68679  +000.73252             
+020.03236   +016.68652  +000.73043             
+000.53248   +018.58675  +000.70783             
+002.48315   +018.58709  +000.70884             
+004.43185   +018.58715  +000.70805             
+006.38223   +018.58673  +000.70595             
+008.33221   +018.58674  +000.70336             
+010.28231   +018.58673  +000.70417             
+012.23186   +018.58674  +000.70677             
+014.18200   +018.58670  +000.71008             
+016.13169   +018.58637  +000.71308             
+018.08252   +018.58653  +000.71369             
+020.03155   +018.58656  +000.71020             
+000.53194   +020.48673  +000.67780             
+002.48194   +020.48697  +000.67910             
+004.43217   +020.48685  +000.67741             
+006.38182   +020.48671  +000.67402             
+008.33193   +020.48672  +000.67142             
+010.28215   +020.48655  +000.67063             
+012.23245   +020.48669  +000.67243             
+014.18249   +020.48666  +000.67614             
+016.13206   +020.48665  +000.67984             
+018.08201   +020.48636  +000.67995             
+020.03205   +020.48647  +000.67446             
+000.53219   +022.38682  +000.65056             
+002.48200   +022.38707  +000.65027             
+004.43197   +022.38710  +000.63917             
+006.38258   +022.38668  +000.63298             
+008.33208   +022.38684  +000.62978             
+010.28201   +022.38662  +000.62929             
+012.23002   +022.38681  +000.62919             
+014.18202   +022.38675  +000.63400             
+016.13202   +022.38662  +000.63881             
+018.08187   +022.38670  +000.63781             
+020.03211   +022.38676  +000.63082             
+000.53163   +003.38743  +000.16095             
+002.48161   +003.38712  +000.16345             
+004.43137   +003.38720  +000.16316             
+006.38158   +003.38690  +000.16155             
+008.33115   +003.38693  +000.16032             
+010.28148   +003.38680  +000.16150             
+012.23081   +003.38695  +000.16217             
+014.18180   +003.38694  +000.16125             
+016.13118   +003.38686  +000.16222             
+018.08138   +003.38682  +000.15569             
+020.03150   +003.38690  +000.14097             
+000.53166   +005.28701  +000.29662             
+002.48156   +005.28706  +000.29592             
+004.43147   +005.28695  +000.29513             
+006.38142   +005.28711  +000.29742             
+008.33198   +005.28672  +000.29849             
+010.28165   +005.28677  +000.29557             
+012.23159   +005.28674  +000.29314             
+014.18263   +005.28691  +000.29292             
+016.13169   +005.28680  +000.29509             
+018.08185   +005.28685  +000.29296             
+020.03226   +005.28695  +000.28044             
+000.53188   +007.18681  +000.43009             
+002.48172   +007.18721  +000.42699             
+004.43185   +007.18697  +000.42510             
+006.38216   +007.18685  +000.42919             
+008.33169   +007.18689  +000.42926             
+010.28196   +007.18675  +000.42284             
+012.22899   +007.18680  +000.42001             
+014.18177   +007.18669  +000.41638             
+016.13170   +007.18672  +000.41896             
+018.08177   +007.18683  +000.41893             
+020.02815   +007.18683  +000.40730             
+000.53227   +009.08666  +000.53146             
+002.48185   +009.08721  +000.53197             
+004.43240   +009.08709  +000.53107             
+006.38224   +009.08687  +000.53396             
+008.33172   +009.08664  +000.53333             
+010.28203   +009.08678  +000.52431             
+012.23210   +009.08660  +000.52098             
+014.18151   +009.08697  +000.51855             
+016.13207   +009.08682  +000.52223             
+018.08150   +009.08676  +000.52580             
+020.03302   +009.08656  +000.50717             
+000.53220   +010.98661  +000.61123             
+002.48136   +010.98666  +000.61004             
+004.43215   +010.98671  +000.60844             
+006.38229   +010.98662  +000.61293             
+008.33165   +010.98655  +000.61160             
+010.28221   +010.98648  +000.60498             
+012.23187   +010.98659  +000.60025             
+014.18171   +010.98640  +000.59732             
+016.13158   +010.98649  +000.60170             
+018.08205   +010.98640  +000.60087             
+020.03161   +010.98650  +000.58684             
+000.53210   +012.88678  +000.67530             
+002.48233   +012.88676  +000.67611             
+004.43218   +012.88664  +000.67421             
+006.38222   +012.88652  +000.67350             
+008.33193   +012.88670  +000.67167             
+010.28202   +012.88628  +000.66715             
+012.23183   +012.88644  +000.66282             
+014.18221   +012.88655  +000.66029             
+016.13201   +012.88644  +000.66126             
+018.08177   +012.88645  +000.65944             
+020.03201   +012.88633  +000.65061             
+000.53223   +014.78659  +000.71307             
+002.48241   +014.78668  +000.71378             
+004.43228   +014.78681  +000.71128             
+006.38183   +014.78644  +000.70887             
+008.33244   +014.78662  +000.70704             
+010.28224   +014.78661  +000.70662             
+012.23295   +014.78635  +000.70419             
+014.18153   +014.78631  +000.71206             
+016.13167   +014.78615  +000.70923             
+018.08237   +014.78649  +000.70821             
+020.03181   +014.78644  +000.70438             
+000.53229   +016.68689  +000.72434             
+002.48183   +016.68693  +000.72385             
+004.43191   +016.68711  +000.72205             
+006.38216   +016.68671  +000.71994             
+008.33236   +016.68692  +000.71901             
+010.28196   +016.68654  +000.72019             
+012.23156   +016.68655  +000.71966             
+014.18149   +016.68669  +000.71883             
+016.13210   +016.68660  +000.71920             
+018.08187   +016.68636  +000.71918             
+020.03170   +016.68645  +000.71845             
+000.53278   +018.58651  +000.69831             
+002.48235   +018.58697  +000.69952             
+004.43218   +018.58688  +000.69792             
+006.38202   +018.58655  +000.69721             
+008.33182   +018.58637  +000.69858             
+010.28240   +018.58666  +000.70035             
+012.23185   +018.58622  +000.70072             
+014.18198   +018.58623  +000.70110             
+016.13088   +018.58647  +000.70227             
+018.08225   +018.58626  +000.70444             
+020.03208   +018.58637  +000.70401             
+000.53240   +020.48659  +000.66047             
+002.48185   +020.48697  +000.65978             
+004.43231   +020.48670  +000.65678             
+006.38299   +020.48673  +000.65927             
+008.33212   +020.48639  +000.65964             
+010.28240   +020.48669  +000.67051             
+012.23244   +020.48665  +000.66608             
+014.18202   +020.48636  +000.66496             
+016.13200   +020.48658  +000.66643             
+018.08229   +020.48642  +000.66930             
+020.03217   +020.48626  +000.66917             
+000.53226   +022.38659  +000.61393             
+002.48157   +022.38701  +000.61314             
+004.43199   +022.38706  +000.61134             
+006.38105   +022.38665  +000.61193             
+008.33233   +022.38659  +000.61650             
+010.28202   +022.38658  +000.62337             
+012.23003   +022.38645  +000.62684             
+014.18133   +022.38666  +000.62481             
+016.13235   +022.38640  +000.62079             
+018.08227   +022.38654  +000.62506             
+020.03240   +022.38643  +000.62713             
