+000.53470   +003.38872  +000.19220             
+002.48466   +003.38810  +000.19470             
+004.43471   +003.38769  +000.19463             
+006.38456   +003.38751  +000.19472             
+008.33461   +003.38774  +000.19541             
+010.28462   +003.38760  +000.19711             
+012.23461   +003.38784  +000.19862             
+014.18468   +003.38747  +000.19790             
+016.13459   +003.38766  +000.19690             
+018.08479   +003.38773  +000.19841             
+020.03460   +003.38588  +000.19677             
+000.53463   +005.28838  +000.32694             
+002.48467   +005.28700  +000.32916             
+004.43470   +005.28820  +000.33169             
+006.38462   +005.28749  +000.33192             
+008.33464   +005.28741  +000.33140             
+010.28464   +005.28764  +000.33221             
+012.23464   +005.28738  +000.33345             
+014.18461   +005.28737  +000.33328             
+016.13467   +005.28737  +000.33302             
+018.08471   +005.28789  +000.33382             
+020.03462   +005.28752  +000.33189             
+000.53481   +007.18786  +000.44545             
+002.48463   +007.18771  +000.45147             
+004.43467   +007.18758  +000.45392             
+006.38471   +007.18759  +000.45531             
+008.33463   +007.18733  +000.45398             
+010.28462   +007.18759  +000.45509             
+012.23460   +007.18737  +000.45465             
+014.18473   +007.18766  +000.45385             
+016.13471   +007.18736  +000.45445             
+018.08471   +007.18778  +000.45697             
+020.03456   +007.18736  +000.45738             
+000.53467   +009.08805  +000.54176             
+002.48462   +009.08769  +000.54874             
+004.43464   +009.08756  +000.55118             
+006.38469   +009.08744  +000.55114             
+008.33471   +009.08754  +000.55142             
+010.28466   +009.08755  +000.55107             
+012.23464   +009.08763  +000.55055             
+014.18462   +009.08762  +000.55150             
+016.13461   +009.08779  +000.55412             
+018.08462   +009.08763  +000.55791             
+020.03454   +009.08753  +000.55908             
+000.53450   +010.98869  +000.61980             
+002.48458   +010.98773  +000.62748             
+004.43466   +010.98762  +000.62982             
+006.38458   +010.98741  +000.63047             
+008.33457   +010.98770  +000.62818             
+010.28462   +010.98737  +000.62763             
+012.23470   +010.98819  +000.62755             
+014.18460   +010.98763  +000.63068             
+016.13452   +010.98731  +000.63516             
+018.08460   +010.98820  +000.63822             
+020.03461   +010.98730  +000.63870             
+000.53466   +012.88867  +000.68630             
+002.48462   +012.88767  +000.69284             
+004.43474   +012.88747  +000.69456             
+006.38459   +012.88746  +000.69565             
+008.33470   +012.88736  +000.69440             
+010.28467   +012.88782  +000.69498             
+012.23473   +012.88750  +000.69608             
+014.18458   +012.88767  +000.69905             
+016.13461   +012.88758  +000.70467             
+018.08471   +012.88784  +000.70776             
+020.03466   +012.88755  +000.70855             
+000.53456   +014.78850  +000.73676             
+002.48475   +014.78760  +000.73900             
+004.43478   +014.78759  +000.74022             
+006.38463   +014.78739  +000.74075             
+008.33477   +014.78762  +000.74141             
+010.28462   +014.78738  +000.74336             
+012.23476   +014.78800  +000.74605             
+014.18464   +014.78739  +000.74840             
+016.13454   +014.78768  +000.75171             
+018.08464   +014.78756  +000.75378             
+020.03469   +014.78786  +000.75303             
+000.53460   +016.68841  +000.75544             
+002.48479   +016.68772  +000.75445             
+004.43471   +016.68760  +000.75409             
+006.38477   +016.68739  +000.75307             
+008.33468   +016.68771  +000.75175             
+010.28473   +016.68748  +000.75273             
+012.23468   +016.68758  +000.75611             
+014.18461   +016.68747  +000.75885             
+016.13461   +016.68783  +000.76151             
+018.08462   +016.68739  +000.76344             
+020.03462   +016.68811  +000.76168             
+000.53501   +018.58776  +000.73667             
+002.48473   +018.58778  +000.73806             
+004.43473   +018.58754  +000.73731             
+006.38477   +018.58753  +000.73528             
+008.33471   +018.58725  +000.73229             
+010.28476   +018.58785  +000.73196             
+012.23466   +018.58738  +000.73404             
+014.18469   +018.58793  +000.73782             
+016.13463   +018.58735  +000.74138             
+018.08463   +018.58748  +000.74206             
+020.03454   +018.58784  +000.73864             
+000.53506   +020.48840  +000.70460             
+002.48467   +020.48754  +000.70627             
+004.43474   +020.48749  +000.70434             
+006.38476   +020.48732  +000.70057             
+008.33473   +020.48742  +000.69697             
+010.28464   +020.48730  +000.69635             
+012.23469   +020.48730  +000.69741             
+014.18466   +020.48747  +000.70113             
+016.13470   +020.48730  +000.70532             
+018.08456   +020.48751  +000.70620             
+020.03477   +020.48772  +000.70131             
+000.53483   +022.38825  +000.66871             
+002.48476   +022.38762  +000.66977             
+004.43476   +022.38748  +000.66529             
+006.38472   +022.38747  +000.65891             
+008.33476   +022.38746  +000.65486             
+010.28471   +022.38743  +000.65478             
+012.23483   +022.38742  +000.65394             
+014.18470   +022.38725  +000.65897             
+016.13460   +022.38742  +000.66494             
+018.08470   +022.38735  +000.66438             
+020.03471   +022.38725  +000.65773             
+000.53488   +003.38815  +000.17009             
+002.48473   +003.38775  +000.17384             
+004.43470   +003.38756  +000.17426             
+006.38463   +003.38775  +000.17453             
+008.33459   +003.38756  +000.17382             
+010.28460   +003.38773  +000.17314             
+012.23466   +003.38769  +000.17219             
+014.18461   +003.38774  +000.17455             
+016.13461   +003.38764  +000.17667             
+018.08472   +003.38775  +000.17166             
+020.03466   +003.38602  +000.15739             
+000.53479   +005.28834  +000.31032             
+002.48470   +005.28695  +000.30930             
+004.43467   +005.28818  +000.30787             
+006.38470   +005.28739  +000.31042             
+008.33471   +005.28831  +000.31379             
+010.28472   +005.28737  +000.30903             
+012.23466   +005.28802  +000.30654             
+014.18469   +005.28747  +000.30554             
+016.13455   +005.28735  +000.30906             
+018.08475   +005.28804  +000.30417             
+020.03466   +005.28727  +000.29694             
+000.53472   +007.18835  +000.43580             
+002.48468   +007.18775  +000.43639             
+004.43473   +007.18765  +000.43396             
+006.38477   +007.18754  +000.43629             
+008.33472   +007.18782  +000.43908             
+010.28464   +007.18744  +000.43268             
+012.23479   +007.18772  +000.43024             
+014.18480   +007.18744  +000.42588             
+016.13472   +007.18777  +000.42915             
+018.08475   +007.18753  +000.43215             
+020.03469   +007.18779  +000.42185             
+000.53463   +009.08822  +000.53607             
+002.48458   +009.08773  +000.53726             
+004.43463   +009.08757  +000.53601             
+006.38469   +009.08803  +000.53783             
+008.33460   +009.08754  +000.53993             
+010.28461   +009.08771  +000.53252             
+012.23466   +009.08741  +000.52955             
+014.18472   +009.08830  +000.52585             
+016.13475   +009.08731  +000.52992             
+018.08469   +009.08839  +000.53172             
+020.03475   +009.08725  +000.52157             
+000.53456   +010.98869  +000.61606             
+002.48467   +010.98769  +000.61817             
+004.43478   +010.98758  +000.61569             
+006.38474   +010.98768  +000.62005             
+008.33469   +010.98799  +000.62214             
+010.28462   +010.98751  +000.61520             
+012.23460   +010.98775  +000.61196             
+014.18471   +010.98768  +000.60678             
+016.13456   +010.98779  +000.61191             
+018.08462   +010.98789  +000.61367             
+020.03459   +010.98754  +000.60099             
+000.53480   +012.88873  +000.68855             
+002.48474   +012.88774  +000.68950             
+004.43467   +012.88753  +000.68880             
+006.38477   +012.88753  +000.69040             
+008.33475   +012.88743  +000.68895             
+010.28459   +012.88779  +000.68295             
+012.23464   +012.88743  +000.67690             
+014.18481   +012.88786  +000.67414             
+016.13467   +012.88752  +000.67632             
+018.08462   +012.88792  +000.67650             
+020.03477   +012.88733  +000.66488             
+000.53468   +014.78859  +000.73926             
+002.48475   +014.78767  +000.74036             
+004.43466   +014.78766  +000.73784             
+006.38461   +014.78746  +000.73634             
+008.33461   +014.78787  +000.73457             
+010.28461   +014.78736  +000.73293             
+012.23463   +014.78820  +000.73100             
+014.18463   +014.78725  +000.72779             
+016.13454   +014.78775  +000.72730             
+018.08464   +014.78735  +000.72663             
+020.03465   +014.78764  +000.72186             
+000.53476   +016.68824  +000.74505             
+002.48466   +016.68769  +000.74777             
+004.43470   +016.68755  +000.74621             
+006.38467   +016.68761  +000.74417             
+008.33478   +016.68758  +000.74456             
+010.28469   +016.68762  +000.74584             
+012.23469   +016.68755  +000.74597             
+014.18470   +016.68761  +000.74527             
+016.13465   +016.68745  +000.74494             
+018.08470   +016.68750  +000.74601             
+020.03469   +016.68771  +000.74646             
+000.53480   +018.58793  +000.72076             
+002.48468   +018.58763  +000.72362             
+004.43476   +018.58762  +000.72210             
+006.38469   +018.58743  +000.72236             
+008.33476   +018.58776  +000.72399             
+010.28474   +018.58742  +000.72599             
+012.23477   +018.58781  +000.72693             
+014.18470   +018.58741  +000.72737             
+016.13475   +018.58778  +000.72910             
+018.08472   +018.58742  +000.73272             
+020.03461   +018.58758  +000.73235             
+000.53492   +020.48849  +000.68478             
+002.48476   +020.48759  +000.68474             
+004.43478   +020.48748  +000.68252             
+006.38481   +020.48748  +000.68349             
+008.33482   +020.48762  +000.68641             
+010.28481   +020.48747  +000.69055             
+012.23471   +020.48785  +000.69204             
+014.18473   +020.48728  +000.69177             
+016.13478   +020.48804  +000.69318             
+018.08473   +020.48738  +000.69715             
+020.03474   +020.48791  +000.69751             
+000.53501   +022.38783  +000.63873             
+002.48478   +022.38763  +000.63855             
+004.43481   +022.38753  +000.63626             
+006.38476   +022.38742  +000.63774             
+008.33476   +022.38777  +000.64203             
+010.28475   +022.38767  +000.64929             
+012.23465   +022.38733  +000.65008             
+014.18467   +022.38743  +000.64678             
+016.13477   +022.38768  +000.64592             
+018.08467   +022.38766  +000.65060             
+020.03467   +022.38734  +000.65427             
